====================Carbon====================
[[[-1.17263767e+01 -7.77336719e-13  0.00000000e+00]
  [-7.77336719e-13 -1.26853036e+01  0.00000000e+00]
  [ 0.00000000e+00  0.00000000e+00 -1.73734297e+01]]

 [[-8.35288273e+00 -3.82717830e-01  0.00000000e+00]
  [-3.82717830e-01 -8.51066948e+00  0.00000000e+00]
  [ 0.00000000e+00  0.00000000e+00  7.33842623e+00]]

 [[-1.47970869e+00  1.55544931e-01  0.00000000e+00]
  [ 1.55544931e-01 -1.58423861e+00  0.00000000e+00]
  [ 0.00000000e+00  0.00000000e+00  4.92354405e+01]]

 [[-1.47970869e+00 -1.55544931e-01  0.00000000e+00]
  [-1.55544931e-01 -1.58423861e+00  0.00000000e+00]
  [ 0.00000000e+00  0.00000000e+00  4.92354405e+01]]

 [[-8.35288273e+00  3.82717830e-01  0.00000000e+00]
  [ 3.82717830e-01 -8.51066948e+00  0.00000000e+00]
  [ 0.00000000e+00  0.00000000e+00  7.33842623e+00]]

 [[-8.35288273e+00 -3.82717830e-01  0.00000000e+00]
  [-3.82717830e-01 -8.51066948e+00  0.00000000e+00]
  [ 0.00000000e+00  0.00000000e+00  7.33842623e+00]]

 [[-1.47970869e+00 -1.55544931e-01  0.00000000e+00]
  [-1.55544931e-01 -1.58423861e+00  0.00000000e+00]
  [ 0.00000000e+00  0.00000000e+00  4.92354405e+01]]

 [[-1.47970869e+00  1.55544931e-01  0.00000000e+00]
  [ 1.55544931e-01 -1.58423861e+00  0.00000000e+00]
  [ 0.00000000e+00  0.00000000e+00  4.92354405e+01]]

 [[-1.17263767e+01 -6.71338229e-13  0.00000000e+00]
  [-6.71338229e-13 -1.26853036e+01  0.00000000e+00]
  [ 0.00000000e+00  0.00000000e+00 -1.73734297e+01]]

 [[-8.35288273e+00  3.82717830e-01  0.00000000e+00]
  [ 3.82717830e-01 -8.51066948e+00  0.00000000e+00]
  [ 0.00000000e+00  0.00000000e+00  7.33842623e+00]]]
===================Hydrogen===================
[[[ 5.43331951  2.35034126  0.        ]
  [ 2.35034126 -1.37110008  0.        ]
  [ 0.          0.         -4.06221943]]

 [[-4.97700399  1.06093279  0.        ]
  [ 1.06093279 10.3758499   0.        ]
  [ 0.          0.         -5.39884591]]

 [[-4.97700399 -1.06093279  0.        ]
  [-1.06093279 10.3758499   0.        ]
  [ 0.          0.         -5.39884591]]

 [[ 5.43331951 -2.35034126  0.        ]
  [-2.35034126 -1.37110008  0.        ]
  [ 0.          0.         -4.06221943]]

 [[ 5.43331951  2.35034126  0.        ]
  [ 2.35034126 -1.37110008  0.        ]
  [ 0.          0.         -4.06221943]]

 [[-4.97700399 -1.06093279  0.        ]
  [-1.06093279 10.3758499   0.        ]
  [ 0.          0.         -5.39884591]]

 [[-4.97700399  1.06093279  0.        ]
  [ 1.06093279 10.3758499   0.        ]
  [ 0.          0.         -5.39884591]]

 [[ 5.43331951 -2.35034126  0.        ]
  [-2.35034126 -1.37110008  0.        ]
  [ 0.          0.         -4.06221943]]]