-6.649474342958683337e-02
-6.599827690993720353e-02
-6.550143125298291125e-02
-6.500420576617216284e-02
-6.450659975496364495e-02
-6.400861252342338048e-02
-6.351024337394051145e-02
-6.301149160705676877e-02
-6.251235652183595448e-02
-6.201283741552288120e-02
-6.151293358388443266e-02
-6.101264432066955123e-02
-6.051196891814925038e-02
-6.001090666683239760e-02
-5.950945685560782294e-02
-5.900761877165905389e-02
-5.850539170035062853e-02
-5.800277492528493894e-02
-5.749976772855802665e-02
-5.699636939033325689e-02
-5.649257918921080091e-02
-5.598839640191499711e-02
-5.548382030337961623e-02
-5.497885016691839155e-02
-5.447348526399764523e-02
-5.396772486446366202e-02
-5.346156823611636355e-02
-5.295501464547669457e-02
-5.244806335662133279e-02
-5.194071363257535268e-02
-5.143296473374903144e-02
-5.092481591944419961e-02
-5.041626644685948122e-02
-4.990731557148819775e-02
-4.939796254694783784e-02
-4.888820662509374415e-02
-4.837804705593384824e-02
-4.786748308768551396e-02
-4.735651396669027235e-02
-4.684513893732855649e-02
-4.633335724250287058e-02
-4.582116812275671691e-02
-4.530857081724093405e-02
-4.479556456300315403e-02
-4.428214859532886294e-02
-4.376832214745718375e-02
-4.325408445095035859e-02
-4.273943473549479677e-02
-4.222437222856001426e-02
-4.170889615619444157e-02
-4.119300574217277244e-02
-4.067670020867808489e-02
-4.015997877550603334e-02
-3.964284066108803017e-02
-3.912528508163859442e-02
-3.860731125138272546e-02
-3.808891838303907207e-02
-3.757010568648411208e-02
-3.705087237048587667e-02
-3.653121764142497341e-02
-3.601114070409039414e-02
-3.549064076102581566e-02
-3.496971701289908196e-02
-3.444836865824640881e-02
-3.392659489387028771e-02
-3.340439491444158193e-02
-3.288176791249952657e-02
-3.235871307884963244e-02
-3.183522960222262554e-02
-3.131131666899023003e-02
-3.078697346410308455e-02
-3.026219917003913906e-02
-2.973699296725840213e-02
-2.921135403440189293e-02
-2.868528154800742413e-02
-2.815877468239591508e-02
-2.763183260987034373e-02
-2.710445450085785524e-02
-2.657663952348343628e-02
-2.604838684396781900e-02
-2.551969562622957710e-02
-2.499056503287988562e-02
-2.446099422274983226e-02
-2.393098235410207053e-02
-2.340052858241392642e-02
-2.286963206148584504e-02
-2.233829194253189598e-02
-2.180650737483347257e-02
-2.127427750559718334e-02
-2.074160147972747836e-02
-2.020847843999717952e-02
-1.967490752721801073e-02
-1.914088787987111573e-02
-1.860641863405021468e-02
-1.807149892420056858e-02
-1.753612788266423195e-02
-1.700030463823054561e-02
-1.646402831892146423e-02
-1.592729805008730182e-02
-1.539011295491832243e-02
-1.485247215438789681e-02
-1.431437476696828526e-02
-1.377581990936960210e-02
-1.323680669571558610e-02
-1.269733423791308269e-02
-1.215740164573730908e-02
-1.161700802651921549e-02
-1.107615248596971469e-02
-1.053483412607647551e-02
-9.993052048002937227e-03
-9.450805349871416183e-03
-8.908093127729443950e-03
-8.364914475350815337e-03
-7.821289097364569898e-03
-7.637062394536542342e-03
-7.569622006940335268e-03
-7.503546628015556053e-03
-7.438803561854001600e-03
-7.375361231055421740e-03
-7.313189128581143450e-03
-7.252257771710901579e-03
-7.192538670665271638e-03
-7.134004270568539141e-03
-7.076627924845979578e-03
-7.020383856115586241e-03
-6.965247121570428135e-03
-6.911193579583141400e-03
-6.858199858214675260e-03
-6.806243325399918831e-03
-6.755302060469148273e-03
-6.705354826493703513e-03
-6.656381043939063602e-03
-6.608360766705345668e-03
-6.561274657769899932e-03
-6.515103966847846095e-03
-6.469830508223139987e-03
-6.425436640370207897e-03
-6.381905246200858528e-03
-6.339219713993315963e-03
-6.297363919316012471e-03
-6.256322207576658911e-03
-6.216079377253436178e-03
-6.176620664660958937e-03
-6.137931727977274932e-03
-6.099998632890901717e-03
-6.062807838901562718e-03
-6.026346185308284475e-03
-5.990600878732266210e-03
-5.955559480895544766e-03
-5.921209896115442461e-03
-5.887540360618004343e-03
-5.854539431595640053e-03
-5.822195975582644678e-03
-5.790499159928685913e-03
-5.759438442368036704e-03
-5.729003561498302588e-03
-5.699184528253908866e-03
-5.669971617038527256e-03
-5.641355357397515036e-03
-5.613326526201944944e-03
-5.585876140202117313e-03
-5.558995447728420913e-03
-5.532675922580665429e-03
-5.506909256780545547e-03
-5.481687353835695831e-03
-5.457002322771131730e-03
-5.432846471336461036e-03
-5.409212300946819596e-03
-5.386092500202721567e-03
-5.363479939944681973e-03
-5.341367667455187984e-03
-5.319748902138599078e-03
-5.298617029211527552e-03
-5.277965596519607061e-03
-5.257788308853150738e-03
-5.238079024081798707e-03
-5.218831748408092608e-03
-5.200040632672653373e-03
-5.181699967891972847e-03
-5.163804181734121812e-03
-5.146347834994458026e-03
-5.129325616735513904e-03
-5.112732342297476862e-03
-5.096562949717053925e-03
-5.080812495322106770e-03
-5.065476151600023513e-03
-5.050549203787113584e-03
-5.036027046941171648e-03
-5.021905183411945472e-03
-5.008179219032626861e-03
-4.994844861840874728e-03
-4.981897918298727745e-03
-4.969334291160976136e-03
-4.957149977627750559e-03
-4.945341065905495270e-03
-4.933903733729039232e-03
-4.922834245860485680e-03
-4.912128951701788537e-03
-4.901784283617871552e-03
-4.891796754748156673e-03
-4.882162956874935844e-03
-4.872879558917020404e-03
-4.863943304229678688e-03
-4.855351010036201842e-03
-4.847099564727841425e-03
-4.839185926698519324e-03
-4.831607122184777836e-03
-4.824360243986802743e-03
-4.817442450672615450e-03
-4.810850962883250759e-03
-4.804583064526468661e-03
-4.798636099906161689e-03
-4.793007472017052351e-03
-4.787694642431006287e-03
-4.782695128795921846e-03
-4.778006504523091280e-03
-4.773626397224006723e-03
-4.769552486692418825e-03
-4.765782505387505807e-03
-4.762314235733811074e-03
-4.759145510206508334e-03
-4.756274209199773395e-03
-4.753698261282579551e-03
-4.751415640498635184e-03
-4.749424367389565305e-03
-4.747722506181162316e-03
-4.746308164783386019e-03
-4.745179494051399161e-03
-4.744334686307638549e-03
-4.743771975199706503e-03
-4.743489633682429485e-03
-4.743485975126304766e-03
-4.743759350390064355e-03
-4.744308148048048679e-03
-4.745130794503893412e-03
-4.746225751489419054e-03
-4.747591516263582889e-03
-4.749226621868274378e-03
-4.751129634172457372e-03
-4.753299153662737808e-03
-4.755733812913831571e-03
-4.758432276815938167e-03
-4.761393242290523631e-03
-4.764615436982921892e-03
-4.768097618722322295e-03
-4.771838575322817633e-03
-4.775837124356030472e-03
-4.780092111701605972e-03
-4.784602411490368468e-03
-4.789366925990634627e-03
-4.794384584300814822e-03
-4.799654342519943384e-03
-4.805175182525545097e-03
-4.810946113053660156e-03
-4.816966167226155449e-03
-4.823234403573906093e-03
-4.829749904672553384e-03
-4.836511778051999499e-03
-4.843519154093200996e-03
-4.850771186937663515e-03
-4.858267052838982636e-03
-4.866005951868146440e-03
-4.873987105241894824e-03
-4.882209756175370785e-03
-4.890673169029469136e-03
-4.899376630163487789e-03
-4.908319445803499548e-03
-4.917500942781316553e-03
-4.926920468193429770e-03
-4.936577388377827447e-03
-4.946471090192972042e-03
-4.956600978914593725e-03
-4.966966478548329178e-03
-4.977567032170782113e-03
-4.988402100877920020e-03
-4.999471163785074168e-03
-5.010773718368000118e-03
-5.022309278785996867e-03
-5.034077376961931805e-03
-5.046077561559059177e-03
-5.058309398293658887e-03
-5.070772469309758890e-03
-5.083466372923339804e-03
-5.096390723622334917e-03
-5.109545151981365052e-03
-5.122929303951195834e-03
-5.136542840944002819e-03
-5.150385439662841236e-03
-5.164456791789007184e-03
-5.178756603839929085e-03
-5.193284597197589392e-03
-5.208040507255873308e-03
-5.223024084159533231e-03
-5.238235091582055247e-03
-5.253673307663575542e-03
-5.269338524044542282e-03
-5.285230545950980741e-03
-5.301349191938697913e-03
-5.317694293978547648e-03
-5.334265697200635259e-03
-5.351063259354305046e-03
-5.368086851291309358e-03
-5.385336356283687564e-03
-5.402811670364826568e-03
-5.420512701817870038e-03
-5.438439371204140116e-03
-5.456591610879968357e-03
-5.474969365650395048e-03
-5.493572591916517922e-03
-5.512401257789178999e-03
-5.531455343088964582e-03
-5.550734839175675006e-03
-5.570239748379890443e-03
-5.589970084571405096e-03
-5.609925873045540357e-03
-5.630107149585228399e-03
-5.650513961313663458e-03
-5.671146365983759097e-03
-5.692004432205521880e-03
-5.713088239048147443e-03
-5.734397876352659296e-03
-5.755933444248739761e-03
-5.777695053154729976e-03
-5.799682823919738439e-03
-5.821896887567845624e-03
-5.844337385042308597e-03
-5.867004467404512980e-03
-5.889898295720286114e-03
-5.913019040775679969e-03
-5.936366883275923101e-03
-5.959942013447516729e-03
-5.983744631180343276e-03
-6.007774946141353212e-03
-6.032033177120865730e-03
-6.056519552771533199e-03
-6.081234310613581329e-03
-6.106177697859038744e-03
-6.131349970871724508e-03
-6.156751394826187607e-03
-6.182382244418249684e-03
-6.208242803324992565e-03
-6.234333364091071417e-03
-6.260654228270823296e-03
-6.287205706286158602e-03
-6.313988117199187400e-03
-6.341001789422762158e-03
-6.368247059413079114e-03
-6.395724272863390070e-03
-6.423433783680820852e-03
-6.451375954725335760e-03
-6.479551157156038244e-03
-6.507959770800653132e-03
-6.536602183842887825e-03
-6.565478792936119135e-03
-6.594590003317080118e-03
-6.623936228095317347e-03
-6.653517889219529025e-03
-6.683335416681757124e-03
-6.713389248602652515e-03
-6.743679831657800605e-03
-6.774207620395600316e-03
-6.804973077663589720e-03
-6.835976674381072371e-03
-6.867218889624382427e-03
-6.898700210570041236e-03
-6.930421132267383655e-03
-6.962382157979618569e-03
-6.994583798814346665e-03
-7.027026573950934107e-03
-7.059711010469982284e-03
-7.092637643467014641e-03
-7.125807015768259589e-03
-7.159219678186445890e-03
-7.192876189520802654e-03
-7.226777116244420540e-03
-7.260923032703203717e-03
-7.295314521115869866e-03
-7.329952171602371891e-03
-7.364836581757572276e-03
-7.399968357304942401e-03
-7.435348111499706647e-03
-7.470976465413059486e-03
-7.506854047960587195e-03
-7.542981495674894177e-03
-7.579359452847711509e-03
-7.615988571416210107e-03
-7.652869511247217815e-03
-7.690002939654050351e-03
-7.727389531595463268e-03
-7.765029970130399306e-03
-7.802924945622180530e-03
-7.841075156250099099e-03
-7.879481307867308715e-03
-7.918144114000824629e-03
-7.957064295652571673e-03
-7.996242582038348701e-03
-8.035679709450960218e-03
-8.075376422198132786e-03
-8.115333472090924261e-03
-8.155551618642675749e-03
-8.196031629324807000e-03
-8.236774278799430249e-03
-8.277780349800423210e-03
-8.319050632707103432e-03
-8.360585925316854627e-03
-8.402387033413560857e-03
-8.444454770369702601e-03
-8.486789957288465303e-03
-8.529393422975317662e-03
-8.572266004108541892e-03
-8.615408544898173204e-03
-8.658821897341795193e-03
-8.702506921366648385e-03
-8.746464484346461177e-03
-8.790695461613040607e-03
-8.835200736626802609e-03
-8.879981200038855604e-03
-8.925037750714182039e-03
-8.970371295163204195e-03
-9.015982747797579577e-03
-9.061873031015466040e-03
-9.108043074746774437e-03
-9.154493817305819903e-03
-9.201226204510248863e-03
-9.248241190192629801e-03
-9.295539736143609844e-03
-9.343122812282445011e-03
-9.390991396116987744e-03
-9.439146473482651345e-03
-9.487589038229771177e-03
-9.536320091910965857e-03
-9.585340644690631962e-03
-9.634651714151232227e-03
-9.684254326572272475e-03
-9.734149515736589819e-03
-9.784338324095642747e-03
-9.834821802229498644e-03
-9.885601008704725245e-03
-9.936677010159655765e-03
-9.988050881815979665e-03
-1.003972370705241701e-02
-1.009169657731945335e-02
-1.014397059273619561e-02
-1.019654686155035961e-02
-1.024942650033722202e-02
-1.030261063436910263e-02
-1.035610039684797812e-02
-1.040989692990024196e-02
-1.046400138380931821e-02
-1.051841491772620429e-02
-1.057313869898734993e-02
-1.062817390365466963e-02
-1.068352171645869930e-02
-1.073918333074175280e-02
-1.079515994823054825e-02
-1.085145277991728108e-02
-1.090806304506486413e-02
-1.096499197194589215e-02
-1.102224079770053322e-02
-1.107981076791020314e-02
-1.113770313725126471e-02
-1.119591916980766655e-02
-1.125446013773512277e-02
-1.131332732276746356e-02
-1.137252201559135756e-02
-1.143204551584631190e-02
-1.149189913198256363e-02
-1.155208418239794810e-02
-1.161260199387470493e-02
-1.167345390288687668e-02
-1.173464125491818777e-02
-1.179616540471783992e-02
-1.185802771661315091e-02
-1.192022956419691582e-02
-1.198277233046951551e-02
-1.204565740817997721e-02
-1.210888619894490148e-02
-1.217246011447059573e-02
-1.223638057592779660e-02
-1.230064901400851340e-02
-1.236526686949446230e-02
-1.243023559246125842e-02
-1.249555664296053692e-02
-1.256123149084942270e-02
-1.262726161590421725e-02
-1.269364850756460328e-02
-1.276039366584313939e-02
-1.282749860021681343e-02
-1.289496483059338061e-02
-1.296279388660082077e-02
-1.303098730832630281e-02
-1.309954664608881103e-02
-1.316847346058125368e-02
-1.323776932261466754e-02
-1.330743581343085680e-02
-1.337747452478765808e-02
-1.344788705881683200e-02
-1.351867502808090649e-02
-1.358984005634056302e-02
-1.366138377738934651e-02
-1.373330783602000338e-02
-1.380561388765499942e-02
-1.387830359857389340e-02
-1.395137864591333710e-02
-1.402484071797971410e-02
-1.409869151393650100e-02
-1.417293274383268908e-02
-1.424756612911437514e-02
-1.432259340217001409e-02
-1.439801630669990118e-02
-1.447383659797196742e-02
-1.455005604219650195e-02
-1.462667641729353818e-02
-1.470369951272232356e-02
-1.478112712908341564e-02
-1.485896107894291163e-02
-1.493720318663349644e-02
-1.501585528805549075e-02
-1.509491923093264631e-02
-1.517439687489741118e-02
-1.525429009146250792e-02
-1.533460076419146390e-02
-1.541533078901125009e-02
-1.549648207367226860e-02
-1.557805653817467828e-02
-1.566005611491050331e-02
-1.574248274857836805e-02
-1.582533839606981019e-02
-1.590862502769141429e-02
-1.599234462531740064e-02
-1.607649918389597588e-02
-1.616109071113669415e-02
-1.624612122742519205e-02
-1.633159276585161024e-02
-1.641750737320535336e-02
-1.650386710849716110e-02
-1.659067404420966341e-02
-1.667793026595632000e-02
-1.676563787239615522e-02
-1.685379897617167444e-02
-1.694241570268673058e-02
-1.703149019110128393e-02
-1.712102459424613699e-02
-1.721102107845240425e-02
-1.730148182357993392e-02
-1.739240902415417622e-02
-1.748380488783141118e-02
-1.757567163659246035e-02
-1.766801150623109606e-02
-1.776082674709300591e-02
-1.785411962336524994e-02
-1.794789241415628567e-02
-1.804214741255805166e-02
-1.813688692629966681e-02
-1.823211327752005673e-02
-1.832782880339323128e-02
-1.842403585584406756e-02
-1.852073680154830981e-02
-1.861793402221678662e-02
-1.871562991451014568e-02
-1.881382689040833611e-02
-1.891252737695481301e-02
-1.901173381705234533e-02
-1.911144866841141265e-02
-1.921167440463023013e-02
-1.931241351502421821e-02
-1.941366850400072508e-02
-1.951544189290643772e-02
-1.961773621835050108e-02
-1.972055403294348253e-02
-1.982389790549632380e-02
-1.992777042127613640e-02
-2.003217418155145424e-02
-2.013711180453015004e-02
-2.024258592467731432e-02
-2.034859919294262909e-02
-2.045515427749933224e-02
-2.056225386263577093e-02
-2.066990065077334293e-02
-2.077809736050539868e-02
-2.088684672790463992e-02
-2.099615150626732429e-02
-2.110601446642590417e-02
-2.121643839657849639e-02
-2.132742610316995524e-02
-2.143898040961289553e-02
-2.155110415759509124e-02
-2.166380020670999329e-02
-2.177707143442830784e-02
-2.189092073737697319e-02
-2.200535102940648358e-02
-2.212036524340987853e-02
-2.223596633064062189e-02
-2.235215726091155375e-02
-2.246894102367491541e-02
-2.258632062657284223e-02
-2.270429909631843657e-02
-2.282287947920735860e-02
-2.294206484035044014e-02
-2.306185826515161352e-02
-2.318226285788682617e-02
-2.330328174258511353e-02
-2.342491806354018991e-02
-2.354717498437253198e-02
-2.367005568919466896e-02
-2.379356338266802595e-02
-2.391770128943448981e-02
-2.404247265445746962e-02
-2.416788074376086115e-02
-2.429392884354797388e-02
-2.442062026184999013e-02
-2.454795832710487957e-02
-2.467594638903847226e-02
-2.480458781863603690e-02
-2.493388600831281110e-02
-2.506384437270980925e-02
-2.519446634755695413e-02
-2.532575539055414993e-02
-2.545771498193971638e-02
-2.559034862326825532e-02
-2.572365983951385715e-02
-2.585765217753532852e-02
-2.599232920687200021e-02
-2.612769451991425740e-02
-2.626375173164774424e-02
-2.640050448124497962e-02
-2.653795643018952433e-02
-2.667611126341284944e-02
-2.681497268989119220e-02
-2.695454444165079622e-02
-2.709483027561532253e-02
-2.723583397207107737e-02
-2.737755933554808507e-02
-2.752001019513272695e-02
-2.766319040406983731e-02
-2.780710384135431923e-02
-2.795175440968478142e-02
-2.809714603748147965e-02
-2.824328267806208714e-02
-2.839016831009644193e-02
-2.853780693851604155e-02
-2.868620259317822274e-02
-2.883535933031566856e-02
-2.898528123179744398e-02
-2.913597240606691230e-02
-2.928743698839753051e-02
-2.943967914009704145e-02
-2.959270304955907704e-02
-2.974651293195051949e-02
-2.990111302943887495e-02
-3.005650761261335902e-02
-3.021270097860906390e-02
-3.036969745244277874e-02
-3.052750138724036333e-02
-3.068611716395253097e-02
-3.084554919252013860e-02
-3.100580191099311378e-02
-3.116687978578625007e-02
-3.132878731256028004e-02
-3.149152901588081477e-02
-3.165510945035521218e-02
-3.181953319898411792e-02
-3.198480487517940674e-02
-3.215092912219574828e-02
-3.231791061267585974e-02
-3.248575405098108604e-02
-3.265446417088924136e-02
-3.282404573729991171e-02
-3.299450354543864705e-02
-3.316584242313069808e-02
-3.333806722835674918e-02
-3.351118285104348615e-02
-3.368519421297833105e-02
-3.386010626755364683e-02
-3.403592400158572673e-02
-3.421265243315474436e-02
-3.439029661359427337e-02
-3.456886162706496179e-02
-3.474835259061137549e-02
-3.492877465555466188e-02
-3.511013300598619935e-02
-3.529243286013183933e-02
-3.547567947026664115e-02
-3.565987812251592004e-02
-3.584503413901529711e-02
-3.603115287543801060e-02
-3.621823972261495328e-02
-3.640630010679046791e-02
-3.659533949038973333e-02
-3.678536337073978757e-02
-3.697637728166114357e-02
-3.716838679304146353e-02
-3.736139751106293261e-02
-3.755541507985071803e-02
-3.775044517936976263e-02
-3.794649352732903935e-02
-3.814356587889733419e-02
-3.834166802681693298e-02
-3.854080580310892401e-02
-3.874098507671419611e-02
-3.894221175585244055e-02
-3.914449178736845170e-02
-3.934783115812479082e-02
-3.955223589338174861e-02
-3.975771205844580436e-02
-3.996426575881173449e-02
-4.017190313970786519e-02
-4.038063038805717042e-02
-4.059045373057301731e-02
-4.080137943532236022e-02
-4.101341381158363220e-02
-4.122656321135309554e-02
-4.144083402749743072e-02
-4.165623269562956921e-02
-4.187276569385289804e-02
-4.209043954273283816e-02
-4.230926080728636407e-02
-4.252923609482195388e-02
-4.275037205675857876e-02
-4.297267538862570291e-02
-4.319615283014854867e-02
-4.342081116658391693e-02
-4.364665722741278842e-02
-4.387369788747719213e-02
-4.410194006723600069e-02
-4.433139073410075071e-02
-4.456205690064507507e-02
-4.479394562656580092e-02
-4.502706401828504568e-02
-4.526141922931969930e-02
-4.549701846175935316e-02
-4.573386896487363629e-02
-4.597197803616381862e-02
-4.621135302153334123e-02
-4.645200131707838409e-02
-4.669393036689939436e-02
-4.693714766526113635e-02
-4.718166075630847445e-02
-4.742747723420848160e-02
-4.767460474502627221e-02
-4.792305098467863900e-02
-4.817282370083830756e-02
-4.842393069259287586e-02
-4.867637981237749045e-02
-4.893017896398532685e-02
-4.918533610421604862e-02
-4.944185924338739824e-02
-4.969975644493729305e-02
-4.995903582749861016e-02
-5.021970556276755815e-02
-5.048177387780583558e-02
-5.074524905447219680e-02
-5.101013942996246442e-02
-5.127645339868536212e-02
-5.154419940987509108e-02
-5.181338596980822331e-02
-5.208402164174685822e-02
-5.235611504753023837e-02
-5.262967486544312123e-02
-5.290470983277373307e-02
-5.318122874518849130e-02
-5.345924045732886043e-02
-5.373875388448823287e-02
-5.401977800048030076e-02
-5.430232184005490126e-02
-5.458639449832958235e-02
-5.487200513277912250e-02
-5.515916296130285446e-02
-5.544787726412891971e-02
-5.573815738409848564e-02
-5.603001272643837183e-02
-5.632345276112005195e-02
-5.661848702061433869e-02
-5.691512510188090346e-02
-5.721337666668091515e-02
-5.751325144143493162e-02
-5.781475921966716669e-02
-5.811790985913489749e-02
-5.842271328509696104e-02
-5.872917948923372933e-02
-5.903731853052818224e-02
-5.934714053722700555e-02
-5.965865570448158905e-02
-5.997187429650807644e-02
-6.028680664667263045e-02
-6.060346315931042227e-02
-6.092185430782137701e-02
-6.124199063674495846e-02
-6.156388276170332574e-02
-6.188754136971397202e-02
-6.221297722146346132e-02
-6.254020114877789638e-02
-6.286922405743666786e-02
-6.320005692668928532e-02
-6.353271080956801597e-02
-6.386719683550268201e-02
-6.420352620747848960e-02
-6.454171020482135646e-02
-6.488176018316949012e-02
-6.522368757444496623e-02
-6.556750388944010410e-02
-6.591322071520266945e-02
-6.626084971776435850e-02
-6.661040264214079798e-02
-6.696189131224627999e-02
-6.731532763342329417e-02
-6.767072359016879091e-02
-6.802809124872055691e-02
-6.838744275648878101e-02
-6.874879034373293507e-02
-6.911214632253859236e-02
-6.947752308988697223e-02
-6.984493312532435993e-02
-7.021438899312215653e-02
-7.058590334281689138e-02
-7.095948890923864383e-02
-7.133515851330685109e-02
-7.171292506384929766e-02
-7.209280155569786075e-02
-7.247480107207593392e-02
-7.285893678468369217e-02
-7.324522195463600838e-02
-7.363366993169506713e-02
-7.402429415796518697e-02
-7.441710816476643231e-02
-7.481212557536309760e-02
-7.520936010513423753e-02
-7.560882556251158348e-02
-7.601053584903638694e-02
-7.641450495967205825e-02
-7.682074698567475934e-02
-7.722927611192176300e-02
-7.764010661966835869e-02
-7.805325288686049134e-02
-7.846872938816318310e-02
-7.888655069641004047e-02
-7.930673148274536288e-02
-7.972928651670940781e-02
-8.015423066922267026e-02
-8.058157890997108552e-02
-8.101134631027662181e-02
-8.144354804321096708e-02
-8.187819938390816787e-02
-8.231531571075834108e-02
-8.275491250552136080e-02
-8.319700535483320891e-02
-8.364160994989333631e-02
-8.408874208780048320e-02
-8.453841767192216139e-02
-8.499065271286099232e-02
-8.544546332893787621e-02
-8.590286574687411303e-02
-8.636287630250194525e-02
-8.682551144144667887e-02
-8.729078772020670840e-02
-8.775872180612509510e-02
-8.822933047872538737e-02
-8.870263063016636806e-02
-8.917863926575364530e-02
-8.965737350547442475e-02
-9.013885058357118396e-02
-9.062308784979222764e-02
-9.111010277069908625e-02
-9.159991292929703377e-02
-9.209253602645617320e-02
-9.258798988170724442e-02
-9.308629243344057613e-02
-9.358746174018506281e-02
-9.409151598100606861e-02
-9.459847345652860895e-02
-9.510835258964789318e-02
-9.562117192541563782e-02
-9.613695013379697230e-02
-9.665570600785144961e-02
-9.717745846700154289e-02
-9.770222655586735527e-02
-9.823002944537506664e-02
-9.876088643537173084e-02
-9.929481695215258696e-02
-9.983184055275273749e-02
-1.003719769221618208e-01
-1.009152458779283279e-01
-1.014616673674311187e-01
-1.020112614700110498e-01
-1.025640483994152419e-01
-1.031200485012675472e-01
-1.036792822573318062e-01
-1.042417702834086413e-01
-1.048075333310976021e-01
-1.053765922904972285e-01
-1.059489681870786626e-01
-1.065246821870857730e-01
-1.071037555937550678e-01
-1.076862098523463374e-01
-1.082720665472720611e-01
-1.088613474047406271e-01
-1.094540742952005985e-01
-1.100502692293900964e-01
-1.106499543652148532e-01
-1.112531520021775577e-01
-1.118598845888811866e-01
-1.124701747176857225e-01
-1.130840451284029768e-01
-1.137015187109966519e-01
-1.143226185015748797e-01
-1.149473676888987939e-01
-1.155757896089824044e-01
-1.162079077525675075e-01
-1.168437457590698614e-01
-1.174833274245372650e-01
-1.181266766959367942e-01
-1.187738176748496244e-01
-1.194247746211942740e-01
-1.200795719471727807e-01
-1.207382342260814312e-01
-1.214007861849495384e-01
-1.220672527136912322e-01
-1.227376588585968875e-01
-1.234120298264826943e-01
-1.240903909878170452e-01
-1.247727678718035804e-01
-1.254591861736571445e-01
-1.261496717486636499e-01
-1.268442506203655284e-01
-1.275429489735984134e-01
-1.282457931631881820e-01
-1.289528097076697577e-01
-1.296640252934366799e-01
-1.303794667784927697e-01
-1.310991611856877626e-01
-1.318231357122385816e-01
-1.325514177221975842e-01
-1.332840347552917137e-01
-1.340210145198739156e-01
-1.347623849013359631e-01
-1.355081739554009346e-01
-1.362584099164507734e-01
-1.370131211915861513e-01
-1.377723363644918209e-01
-1.385360841990177505e-01
-1.393043936330116139e-01
-1.400772937873284718e-01
-1.408548139577590064e-01
-1.416369836254034453e-01
-1.424238324476334583e-01
-1.432153902683239721e-01
-1.440116871105203700e-01
-1.448127531809575430e-01
-1.456186188735557607e-01
-1.464293147626278824e-01
-1.472448716129406421e-01
-1.480653203709607624e-01
-1.488906921748025525e-01
-1.497210183457582389e-01
-1.505563303985013590e-01
-1.513966600334413215e-01
-1.522420391408729756e-01
-1.530924998053819763e-01
-1.539480742983130312e-01
-1.548087950876322338e-01
-1.556746948296279243e-01
-1.565458063785740705e-01
-1.574221627783458644e-01
-1.583037972719125719e-01
-1.591907432936352507e-01
-1.600830344781059011e-01
-1.609807046534683650e-01
-1.618837878450847256e-01
-1.627923182800543600e-01
-1.637063303792842817e-01
-1.646258587675220042e-01
-1.655509382648290284e-01
-1.664816038964147538e-01
-1.674178908835699531e-01
-1.683598346541543833e-01
-1.693074708346387069e-01
-1.702608352538845793e-01
-1.712199639480047608e-01
-1.721848931516660741e-01
-1.731556593091170271e-01
-1.741322990640696844e-01
-1.751148492710399296e-01
-1.761033469848598543e-01
-1.770978294719043333e-01
-1.780983342002002701e-01
-1.791048988500563155e-01
-1.801175613056216207e-01
-1.811363596589785629e-01
-1.821613322146049541e-01
-1.831925174808191059e-01
-1.842299541801253326e-01
-1.852736812397210997e-01
-1.863237378017572610e-01
-1.873801632136462558e-01
-1.884429970386065634e-01
-1.895122790470225027e-01
-1.905880492203948506e-01
-1.916703477558883151e-01
-1.927592150570092144e-01
-1.938546917446899442e-01
