6.649474342958683337e-02
6.435498387517668561e-02
6.220654922506696494e-02
6.004934678372819690e-02
5.788328248286234157e-02
5.570826085491376034e-02
5.352418500572753146e-02
5.133095658675301820e-02
4.912847576665058114e-02
4.691664120224459111e-02
4.469535000825430870e-02
4.246449772705318537e-02
4.022397829743340480e-02
3.797368402209144733e-02
3.571350553511365433e-02
3.344333176835334598e-02
3.116304991641527522e-02
2.887254540218009424e-02
2.657170183960033683e-02
2.426040099757642565e-02
2.193852276027996595e-02
2.370415523685664994e-02
2.261150553323432177e-02
2.161844399782353321e-02
2.071279653372926077e-02
1.988434385464188381e-02
1.912444580096916980e-02
1.842574915269779012e-02
1.778195805673021823e-02
1.718765196210370050e-02
1.663813998339946920e-02
1.612934345462235797e-02
1.565770052471293639e-02
1.522008808524333290e-02
1.481375752629787712e-02
1.443628147674758111e-02
1.408550944407238603e-02
1.375953068404101032e-02
1.345664289337378250e-02
1.317532578121927145e-02
1.291421858249464094e-02
1.267210089281434193e-02
1.244787623798515597e-02
1.224055797305823035e-02
1.204925706164772237e-02
1.187317159522649490e-02
1.171157756820662144e-02
1.156382098255903657e-02
1.142931078939568579e-02
1.130751291086085075e-02
1.119794478930202786e-02
1.110017073287394851e-02
1.101379777742295119e-02
1.093847198526987086e-02
1.087387525902272500e-02
1.081972244250550830e-02
1.077575879389769398e-02
1.074175769653606949e-02
1.071751877094584415e-02
1.070286593284208720e-02
1.069764594959110582e-02
1.070172689315995740e-02
1.071499704005418607e-02
1.073736379757406212e-02
1.076875246926078944e-02
1.080910563800330237e-02
1.085838243878356479e-02
1.091655759779541768e-02
1.098362117389228843e-02
1.105957790247202865e-02
1.114444680186466030e-02
1.123826080970502517e-02
1.134106649368504804e-02
1.145292380724072245e-02
1.157390590805107422e-02
1.170409902329083707e-02
1.184360235814096995e-02
1.199252809101380990e-02
1.215100131364010849e-02
1.231916014279477167e-02
1.249715577395704713e-02
1.268515265005021320e-02
1.288332853187057481e-02
1.309187484991980455e-02
1.331099684225023339e-02
1.354091385738342979e-02
1.378185971100265306e-02
1.403408303283981695e-02
1.429784758880714435e-02
1.457343289658297181e-02
1.486113446958370332e-02
1.516126457102018321e-02
1.547415256382578264e-02
1.580014566800969078e-02
1.613960953147852706e-02
1.649292891224263258e-02
1.686050847038700340e-02
1.724277347386760084e-02
1.764017072727597224e-02
1.805316934749612301e-02
1.848226182139001139e-02
1.892796488314729686e-02
1.939082063805130929e-02
1.987139768345969060e-02
2.037029218595876046e-02
2.088812919345173214e-02
2.142556396975692223e-02
2.198328322415932234e-02
2.256200670595376323e-02
2.316248863294845250e-02
2.378551921387384027e-02
2.443192650443393177e-02
2.510257794196490977e-02
2.579838227600816936e-02
2.652029147483858651e-02
2.726930268858041018e-02
2.804646029076707237e-02
2.885285817956173560e-02
2.968964179612498810e-02
3.055801071215569209e-02
3.145922088415886719e-02
3.239458718365995082e-02
3.336548608950806738e-02
3.437335820709108702e-02
3.541971112460373661e-02
3.650612221059645890e-02
3.763424148954186421e-02
3.880579453036148152e-02
4.002258556892002161e-02
4.128650035858072442e-02
4.259950934371659059e-02
4.396367071490203671e-02
4.538113328121085033e-02
4.685413993530573862e-02
4.838503008789984960e-02
4.997624288310476004e-02
5.163032002076306526e-02
5.334990825139129811e-02
5.513776214294807687e-02
5.699674624116823907e-02
5.892983723052225287e-02
6.094012580629737386e-02
6.303081813533140121e-02
6.520523715946069387e-02
6.746682340994425431e-02
6.981913523571847691e-02
7.226584888053366740e-02
7.481075761361921650e-02
7.745777111654206237e-02
8.021091299895033444e-02
8.307431887806160375e-02
8.605223329391264997e-02
8.914900561225636011e-02
9.236908595946147216e-02
9.571701970369872470e-02
9.919744131093466422e-02
1.028150680992325761e-01
1.065746920156414035e-01
1.104811717501377188e-01
1.145394234573302583e-01
1.187544104654421062e-01
1.231311332588518326e-01
1.276746175678908912e-01
1.323899023957721965e-01
1.372820271314196816e-01
1.423560181387131252e-01
1.476168739964407450e-01
1.530695515777722449e-01
1.587189498303587243e-01
1.645698941907483004e-01
1.706271197362241310e-01
1.768952540905956994e-01
1.833787998763227733e-01
1.900821163987984619e-01
1.970094010725063072e-01
2.041646700715773477e-01
2.115517390226671068e-01
2.191742028182090962e-01
2.270354153756102278e-01
2.351384687484312508e-01
2.434861722315702082e-01
2.520810309026728646e-01
2.609252243265416382e-01
2.700205848641417106e-01
2.793685759860693452e-01
2.889702710622543691e-01
2.988263314463210918e-01
3.089369863919841919e-01
3.193020113457691878e-01
3.299207090379354668e-01
3.407918896987212065e-01
3.519138532462307012e-01
3.632843728923944582e-01
3.749006786567861127e-01
3.867594439468575729e-01
3.988567739566519776e-01
4.111881952440512578e-01
4.237486485955344051e-01
4.365324834550392552e-01
4.495334560774892907e-01
