-6.649474342958683337e-02
-6.585634165185183519e-02
-6.521725687542812011e-02
-6.457748729928880493e-02
-6.393703111561421792e-02
-6.329588651055928494e-02
-6.265405166374193868e-02
-6.201152474852733576e-02
-6.136830393171521791e-02
-6.072438737390939423e-02
-6.007977322897772865e-02
-5.943445964453530905e-02
-5.878844476146127818e-02
-5.814172671426831585e-02
-5.749430363076157846e-02
-5.684617363218080754e-02
-5.619733483314348632e-02
-5.554778534153115288e-02
-5.489752325846097847e-02
-5.424654667862682800e-02
-5.359485368961713903e-02
-5.294244237242651252e-02
-5.228931080114307406e-02
-5.163545704306216066e-02
-5.098087915840210371e-02
-5.032557520087266312e-02
-4.966954321687921947e-02
-4.901278124580699114e-02
-4.835528732050420331e-02
-4.769705946617364134e-02
-4.703809570139583229e-02
-4.637839403747534561e-02
-4.571795247846921484e-02
-4.505676902147115470e-02
-4.439484165638418744e-02
-4.373216836557958231e-02
-4.306874712463582000e-02
-4.240457590134383281e-02
-4.173965265644596911e-02
-4.107397534332335454e-02
-4.040754190779694000e-02
-3.974035028821276683e-02
-3.907239841595355756e-02
-3.840368421424500411e-02
-3.773420559923579276e-02
-3.706396047914495284e-02
-3.639294675488713438e-02
-3.572116231956101728e-02
-3.504860505864826337e-02
-3.437527285004193800e-02
-3.370116356367702792e-02
-3.302627506187150175e-02
-3.235060519889998432e-02
-3.167415182144850405e-02
-3.099691276833027587e-02
-3.031888587005937552e-02
-2.964006894953286064e-02
-2.896045982160444510e-02
-2.828005629297081214e-02
-2.759885616248425322e-02
-2.691685722038528183e-02
-2.623405724946792361e-02
-2.555045402368705254e-02
-2.486604530923841594e-02
-2.418082886376282659e-02
-2.349480243682933178e-02
-2.280796376956573113e-02
-2.212031059457331139e-02
-2.143184063623948532e-02
-2.074255161045357454e-02
-2.005244122440785759e-02
-1.936150717713758240e-02
-1.866974715872515844e-02
-1.797715885098227773e-02
-1.728373992671095039e-02
-1.658948805024351714e-02
-1.589440087707316707e-02
-1.519847605402446789e-02
-1.450171121899757054e-02
-1.380410400108189606e-02
-1.310565202030034015e-02
-1.240635288803559888e-02
-1.170620420643331272e-02
-1.100520356871470540e-02
-1.030334855892078849e-02
-9.600636752054469980e-03
-8.897065714080554244e-03
-8.192633001499416423e-03
-7.487336161688062930e-03
-6.781172732786444612e-03
-6.074140243498504788e-03
-5.366236213177444370e-03
-4.657458151740456742e-03
-3.947803559896101433e-03
-3.237269928121122575e-03
-2.525854738763655405e-03
-1.813555462149452069e-03
-1.100369561726211032e-03
-3.862944892034647637e-04
3.286723139126479509e-04
1.044533411828751923e-03
-1.214593089932236580e-02
-1.203165366794678448e-02
-1.191996348563861829e-02
-1.181095664580311677e-02
-1.170423298825085112e-02
-1.160006180663231135e-02
-1.149811745372630867e-02
-1.139863647691186088e-02
-1.130131863507699563e-02
-1.120600245153013930e-02
-1.111311948682214279e-02
-1.102211436148081702e-02
-1.093304635728031826e-02
-1.084607641379875531e-02
-1.076104596924665202e-02
-1.067799018136383893e-02
-1.059661635451902839e-02
-1.051701737009125281e-02
-1.043935826507436104e-02
-1.036327833890027250e-02
-1.028881222373456694e-02
-1.021631639457609708e-02
-1.014499154126724534e-02
-1.007567906901840615e-02
-1.000762029667612296e-02
-9.941114319730104398e-03
-9.876170493328118027e-03
-9.812501213815494339e-03
-9.750401564076582872e-03
-9.689892762793306247e-03
-9.630497872450405339e-03
-9.572547060997749213e-03
-9.515835264124916648e-03
-9.460261416933235523e-03
-9.406214493793640941e-03
-9.353397860110135298e-03
-9.301777813021772090e-03
-9.251272509061436722e-03
-9.201993414336584465e-03
-9.154028429549043722e-03
-9.107060704195646395e-03
-9.061163856245002535e-03
-9.016452791655638066e-03
-8.972801975573929667e-03
-8.930255181155644095e-03
-8.888760790483729579e-03
-8.848193074356913712e-03
-8.808575496431103602e-03
-8.770072362665359833e-03
-8.732774864199654985e-03
-8.696262740670590574e-03
-8.660926512675359845e-03
-8.626286493836232694e-03
-8.592631939393413631e-03
-8.559781130998089793e-03
-8.528156057877822604e-03
-8.496900386347761014e-03
-8.467001644106630920e-03
-8.437889476738291705e-03
-8.409317879909394833e-03
-8.382027109576029034e-03
-8.355568541247748726e-03
-8.329471242092267858e-03
-8.304577650449118664e-03
-8.280509240222500011e-03
-8.257158527868568854e-03
-8.234513077781002721e-03
-8.212742540308681782e-03
-8.191966655090254790e-03
-8.171386552589865460e-03
-8.152108755467679657e-03
-8.133546644302214190e-03
-8.115562536232800994e-03
-8.097923668998419089e-03
-8.081598451241234216e-03
-8.065722139775743926e-03
-8.050774225466739153e-03
-8.036143364137160461e-03
-8.022667494429924773e-03
-8.009494413187212558e-03
-7.997319315620643465e-03
-7.985611691736949069e-03
-7.974690217281477089e-03
-7.964274494355549905e-03
-7.954432982558046206e-03
-7.945746386297969366e-03
-7.937296362712231712e-03
-7.929212897977322427e-03
-7.922254591335331497e-03
-7.916076402921135013e-03
-7.910251214667596287e-03
-7.905128964551977333e-03
-7.900546123323692882e-03
-7.896616014477331191e-03
-7.893455972833862688e-03
-7.890452373004563924e-03
-7.888477111379188500e-03
-7.887147382120929251e-03
-7.886367127781568342e-03
-7.885896692812366382e-03
-7.886105395840559140e-03
-7.887363065918862048e-03
-7.888574135904491413e-03
-7.890402317883626893e-03
-7.892879574825428790e-03
-7.896440889282985154e-03
-7.900388231774968517e-03
-7.904918223459844739e-03
-7.909680703846788674e-03
-7.915425321840530160e-03
-7.920740466886400100e-03
-7.927775522489355353e-03
-7.935231766481365412e-03
-7.942737661352339273e-03
-7.951165712057672863e-03
-7.960113073352204083e-03
-7.969832976016277826e-03
-7.978876784818567103e-03
-7.989645181879723168e-03
-8.000823437782855763e-03
-8.012333629920931344e-03
-8.024353909689807551e-03
-8.037116493426310626e-03
-8.050935898239686139e-03
-8.064387602701117430e-03
-8.079000819094517283e-03
-8.093655642596786493e-03
-8.108409646382597202e-03
-8.125119557632842771e-03
-8.141439805086747583e-03
-8.158686654354596612e-03
-8.175770812044902414e-03
-8.194293751415671068e-03
-8.212840326734749397e-03
-8.231146287528190442e-03
-8.251106171655919752e-03
-8.271064350765300333e-03
-8.291479293120573857e-03
-8.312907909100886172e-03
-8.334653774113576219e-03
-8.357574080235963265e-03
-8.380099090430803699e-03
-8.402338131105580032e-03
-8.427206593410119240e-03
-8.451795909934389783e-03
-8.475455380818175399e-03
-8.501806588526505948e-03
-8.528321580200781682e-03
-8.554877003291494475e-03
-8.581972828295647560e-03
-8.609446417750632463e-03
-8.635926637055035826e-03
-8.665323479078779201e-03
-8.695057993293175969e-03
-8.724615148395287179e-03
-8.754586251370710670e-03
-8.785535194419935578e-03
-8.816071860792362713e-03
-8.848291074940561884e-03
-8.879738458034580617e-03
-8.912797996117660659e-03
-8.946631549690664542e-03
-8.980153149309444416e-03
-9.014837202130365768e-03
-9.049090549979155185e-03
-9.085471654259436036e-03
-9.121597405368220279e-03
-9.157761504553718623e-03
-9.195174913116943571e-03
-9.232092230860189375e-03
-9.270379330331479650e-03
-9.309375461782565253e-03
-9.348752893288292398e-03
-9.387136863892919791e-03
-9.427869179830850044e-03
-9.469103103725728943e-03
-9.510931690726920351e-03
-9.552877556643579737e-03
-9.595383806811241811e-03
-9.638161075827156310e-03
-9.681992266564520833e-03
-9.725726005086698933e-03
-9.770785993367780975e-03
-9.816013630683073643e-03
-9.861228725100090742e-03
-9.908140400142428916e-03
-9.955050753802652252e-03
-1.000239259855106866e-02
-1.005049671297797431e-02
-1.009914479817553001e-02
-1.014814845271416743e-02
-1.019825758447723274e-02
-1.024794696238018332e-02
-1.029939809754409907e-02
-1.035095639926453259e-02
-1.040255547198398745e-02
-1.045529129993383322e-02
-1.050896858308192350e-02
-1.056248025668082846e-02
-1.061718733683392202e-02
-1.067215961117540246e-02
-1.072776737453295937e-02
-1.078393943998889881e-02
-1.084051295180188390e-02
-1.089808651613566326e-02
-1.095526757370635096e-02
-1.101462209433634598e-02
-1.107395306473790697e-02
-1.113361545711200051e-02
-1.119406501476305493e-02
-1.125513574126557614e-02
-1.131641946005856880e-02
-1.137896336007315767e-02
-1.144191914625025674e-02
-1.150551277899580782e-02
-1.156968062571195333e-02
-1.163455028228099764e-02
-1.169985408083107359e-02
-1.176601613022398851e-02
-1.183274874099993212e-02
-1.189974916010783090e-02
-1.196762827305519750e-02
-1.203628797526334893e-02
-1.210550370683449728e-02
-1.217604503241886960e-02
-1.224653285055410379e-02
-1.231794994865254012e-02
-1.238982139975064456e-02
-1.246222007952724198e-02
-1.253578485383854968e-02
-1.260977963241316502e-02
-1.268453907414368587e-02
-1.275983032456906585e-02
-1.283520616706823603e-02
-1.291263037751377851e-02
-1.298993670630466113e-02
-1.306815339208355908e-02
-1.314662383214226793e-02
-1.322647135634724691e-02
-1.330673022778228187e-02
-1.338739100438601781e-02
-1.346931382406069133e-02
-1.355180315104576039e-02
-1.363500151234120494e-02
-1.371878569605655684e-02
-1.380347965488226691e-02
-1.388888597097093225e-02
-1.397497785231394118e-02
-1.406175168915524409e-02
-1.414941170187944408e-02
-1.423775845179875432e-02
-1.432687459455905810e-02
-1.441605044124116830e-02
-1.450743201027648865e-02
-1.459893112343024768e-02
-1.469089804865575388e-02
-1.478421552150166463e-02
-1.487706869019689293e-02
-1.497240248144748875e-02
-1.506809829123767486e-02
-1.516429052688295087e-02
-1.526115662298366260e-02
-1.535911221424157702e-02
-1.545781924798461660e-02
-1.555711202976794993e-02
-1.565714688410935196e-02
-1.575838410693108926e-02
-1.586045577778349980e-02
-1.596327457107804548e-02
-1.606641491426330504e-02
-1.617096664793393757e-02
-1.627601491020413960e-02
-1.638334078052139375e-02
-1.649028954500408872e-02
-1.659871047183969495e-02
-1.670754022717346743e-02
-1.681708136646875573e-02
-1.692816468897717641e-02
-1.703859841879307169e-02
-1.715003957946237279e-02
-1.726579457169918896e-02
-1.737946762295905501e-02
-1.749516573116238760e-02
-1.761160233465375313e-02
-1.772846531213190246e-02
-1.784697699790172010e-02
-1.796595761757657783e-02
-1.808601127061137959e-02
-1.820683217263763254e-02
-1.832872388956729992e-02
-1.845119171889564313e-02
-1.857601784186613258e-02
-1.870105500688623579e-02
-1.882616700649464292e-02
-1.895369530151924664e-02
-1.908142989853445215e-02
-1.921071921373140867e-02
-1.933997864387038135e-02
-1.947191260452996175e-02
-1.960350798441368170e-02
-1.973691736725413648e-02
-1.987152573778416809e-02
-2.000671379460072785e-02
-2.014296989864305942e-02
-2.028001614826280274e-02
-2.041877031828676081e-02
-2.055884775569438716e-02
-2.069861851936138919e-02
-2.084033217369096747e-02
-2.098414054333375134e-02
-2.112834845840438902e-02
-2.127313836774646916e-02
-2.141979973143293137e-02
-2.156721868473709947e-02
-2.171613723035648036e-02
-2.186604063996355762e-02
-2.201734274672162428e-02
-2.216792252889376869e-02
-2.232257478601695766e-02
-2.247743163712812020e-02
-2.263387738153710416e-02
-2.279075029491650639e-02
-2.294892331244113848e-02
-2.310858211924937677e-02
-2.326865175811576592e-02
-2.343150892966150423e-02
-2.359466673235033340e-02
-2.375959409243932896e-02
-2.392582110539365203e-02
-2.409281152105791080e-02
-2.426179876678702385e-02
-2.443160911866470997e-02
-2.460152737793919187e-02
-2.477571321267646454e-02
-2.494958504482269745e-02
-2.512459799163480056e-02
-2.530149950615623311e-02
-2.547981579348856940e-02
-2.565929672493894032e-02
-2.583955844815477576e-02
-2.602244906131545576e-02
-2.620626847263451964e-02
-2.639030749759285754e-02
-2.657765556594426926e-02
-2.676605260933229147e-02
-2.695443897124505384e-02
-2.714671678396030075e-02
-2.733936694158956016e-02
-2.753238677939862100e-02
-2.772925198203779473e-02
-2.792624457185866049e-02
-2.812404027397974460e-02
-2.832548688675728954e-02
-2.852628625649344940e-02
-2.873055016416969920e-02
-2.893573884071543034e-02
-2.914113940792617541e-02
-2.934908527919333210e-02
-2.955946942870468774e-02
-2.977120464635163444e-02
-2.998529274557881763e-02
-3.019992556974671061e-02
-3.041597863960987524e-02
-3.063447860517953814e-02
-3.085444100153722502e-02
-3.107644294848910249e-02
-3.129970221760913773e-02
-3.152484733678306839e-02
-3.175137508003444964e-02
-3.198056779686453410e-02
-3.221123341918996630e-02
-3.244389552483539774e-02
-3.267772409651570342e-02
-3.291385621474773870e-02
-3.315256131969590569e-02
-3.339225490429953425e-02
-3.363428999784900952e-02
-3.387747908874416680e-02
-3.412292481903023145e-02
-3.437046438261859294e-02
-3.461958532980702330e-02
-3.487170850928578147e-02
-3.512549776996820583e-02
-3.538082679324361379e-02
-3.563770536015908874e-02
-3.589848973220455264e-02
-3.615869061465559753e-02
-3.642263619522623230e-02
-3.668944347066371847e-02
-3.695712381966131943e-02
-3.722712183542853381e-02
-3.749966629055734302e-02
-3.777373808750894568e-02
-3.805073476661391396e-02
-3.832907900925874856e-02
-3.861026345535378823e-02
-3.889361504440103090e-02
-3.917913602498401815e-02
-3.946713132023660364e-02
-3.975698225448809353e-02
-4.004984112390275186e-02
-4.034414294753219110e-02
-4.064232960200797606e-02
-4.094132443267994859e-02
-4.124340237120804886e-02
-4.154782114292743245e-02
-4.185485649017550713e-02
-4.216457039987631106e-02
-4.247581590897198112e-02
-4.279027626049014543e-02
-4.310708286172371118e-02
-4.342652607766694928e-02
-4.374896943835437924e-02
-4.407350880640592550e-02
-4.440044574141666089e-02
-4.473140357598026640e-02
-4.506355621558100211e-02
-4.539907072071969196e-02
-4.573595964203036601e-02
-4.607745263635365518e-02
-4.642086904178199802e-02
-4.676665487778564056e-02
-4.711694373597197227e-02
-4.746863978377291460e-02
-4.782277485759323099e-02
-4.818150730918091540e-02
-4.854222365159444053e-02
-4.890596412033687557e-02
-4.927239367910374312e-02
-4.964230874278996453e-02
-5.001441831009856287e-02
-5.039067917851980383e-02
-5.076908038228111764e-02
-5.115081791669240374e-02
-5.153638650602943017e-02
-5.192454203501029042e-02
-5.231610310329415370e-02
-5.271055282153724875e-02
-5.310905116377284685e-02
-5.350969914587722087e-02
-5.391410643849781081e-02
-5.432124800975657308e-02
-5.473254631891677491e-02
-5.514845089791720056e-02
-5.556575762798843243e-02
-5.598788970425516709e-02
-5.641247214742861615e-02
-5.684108879694349525e-02
-5.727359503097773086e-02
-5.770927691941096782e-02
-5.814779858411611713e-02
-5.859163522120525158e-02
-5.903794567427667062e-02
-5.948844804024133737e-02
-5.994211152412276533e-02
-6.040121570595147205e-02
-6.086315544041553949e-02
-6.132796375439397707e-02
-6.179761217467216738e-02
-6.227203920437318629e-02
-6.274852779105799527e-02
-6.323147707610132784e-02
-6.371631826192469816e-02
-6.420550245115919097e-02
-6.469924990929598607e-02
-6.519827234416197825e-02
-6.570009276396149289e-02
-6.620679942048468547e-02
-6.671749957925499075e-02
-6.723296417766277955e-02
-6.775125278707605503e-02
-6.827630540419704630e-02
-6.880463869734398941e-02
-6.933686717403020339e-02
-6.987381084894650485e-02
-7.041601551307508089e-02
-7.096237410789285605e-02
-7.151285870551760127e-02
-7.206983078449979985e-02
-7.263060843305879644e-02
-7.319573402389778494e-02
-7.376583562037808406e-02
-7.434051054585211205e-02
-7.492033653227281320e-02
-7.550606920216296203e-02
-7.609596325704615083e-02
-7.669054654732576637e-02
-7.729071987304791946e-02
-7.789653016851616485e-02
-7.850695950716612970e-02
-7.912239300029000333e-02
-7.974457582895411178e-02
-8.037099702755767794e-02
-8.100310722775816430e-02
-8.164032595337289422e-02
-8.228280232540896577e-02
-8.293084955073481979e-02
-8.358568392034726457e-02
-8.424537772026496896e-02
-8.491047957011232938e-02
-8.558095851518032759e-02
-8.625936771315423357e-02
-8.694191813575002925e-02
-8.763013015482101764e-02
-8.832576077261933278e-02
-8.902693612563439274e-02
-8.973304532696602109e-02
-9.044658405514383048e-02
-9.116617843443464153e-02
-9.189239162486728674e-02
-9.262497211048525969e-02
-9.336317828797291440e-02
-9.410837222077361730e-02
-9.485958259253379765e-02
-9.561793030957232986e-02
-9.638252710652750466e-02
-9.715476852286997200e-02
-9.793239936138320445e-02
-9.871721811313705075e-02
-9.950989636573126518e-02
-1.003089877694947063e-01
-1.011144165513826465e-01
-1.019277778448213212e-01
-1.027482879744354705e-01
-1.035774290108690820e-01
-1.044119810575239171e-01
-1.052544984987378029e-01
-1.061037081506697177e-01
-1.069613965973417180e-01
-1.078261218739839933e-01
-1.086983188426700053e-01
-1.095798659553111065e-01
-1.104669679407379590e-01
-1.113636325745801514e-01
-1.122681312161830647e-01
-1.131793749736118571e-01
-1.141001474843506003e-01
-1.150291628848663095e-01
-1.159646402443854640e-01
-1.169090842553544007e-01
-1.178643735162836492e-01
-1.188248167337064842e-01
-1.197951698906649654e-01
-1.207757484078797461e-01
-1.217634210497351432e-01
-1.227609305389592009e-01
-1.237657739869462148e-01
-1.247807175676882707e-01
-1.258049836810073430e-01
-1.268374556924811714e-01
-1.278784655725644370e-01
-1.289301822451420776e-01
-1.299916329305403906e-01
-1.310618386435464799e-01
-1.321429787655858945e-01
-1.332318995169998743e-01
-1.343330757070759773e-01
-1.354417810891845875e-01
-1.365607774888246695e-01
-1.376919587160898573e-01
-1.388300271011360110e-01
-1.399775510148231206e-01
-1.411372271436164283e-01
-1.423085141779836249e-01
-1.434901864946880323e-01
-1.446824130939035058e-01
-1.458831973210408250e-01
-1.470979631649527164e-01
-1.483214477643741702e-01
-1.495571217192832592e-01
-1.508043659984537044e-01
-1.520609695760413160e-01
-1.533298301901311333e-01
-1.546114425805171777e-01
-1.559022148891813231e-01
-1.572063940452039787e-01
-1.585219061015550324e-01
-1.598501218730916662e-01
-1.611893689227770210e-01
-1.625406977374836970e-01
-1.639036464295600126e-01
-1.652794559625192505e-01
-1.666683881516917154e-01
-1.680687161494063275e-01
-1.694824069370497455e-01
-1.709100890865897782e-01
-1.723480601007167934e-01
-1.738006282477044806e-01
-1.752643874885961850e-01
-1.767433902147956815e-01
-1.782348031575224923e-01
-1.797402749210164075e-01
-1.812574912077877798e-01
-1.827915759899951809e-01
-1.843361228012554420e-01
-1.858974551466872072e-01
-1.874699900916425577e-01
-1.890580747887895541e-01
-1.906619966664209187e-01
-1.922792854422255004e-01
-1.939090597174129016e-01
-1.955548458203395512e-01
-1.972167019663118026e-01
-1.988909883506835286e-01
-2.005825461475581051e-01
-2.022882244698109844e-01
-2.040099183725772036e-01
-2.057461979781578520e-01
-2.075000608899415511e-01
-2.092676954379442122e-01
-2.110496726468227280e-01
-2.128484841045406029e-01
-2.146650480648588655e-01
-2.164929517479663446e-01
-2.183422995016144341e-01
-2.202054064786693743e-01
-2.220871773759824919e-01
-2.239853017044595163e-01
-2.259000691743437983e-01
-2.278320694887270292e-01
-2.297786245901249913e-01
-2.317473802984864051e-01
-2.337283396188354345e-01
-2.357295646670820588e-01
-2.377500711924653842e-01
-2.397873638069825120e-01
-2.418421034348625653e-01
-2.439150388190398644e-01
-2.460037151057292704e-01
-2.481151394184166747e-01
-2.502414074259888821e-01
-2.523896786388206692e-01
-2.545534698638221016e-01
-2.567393801850528234e-01
-2.589427185203589943e-01
-2.611619930234212461e-01
-2.634026235541568894e-01
-2.656651103825424798e-01
-2.679446352715046942e-01
-2.702455862309136592e-01
-2.725697784484566455e-01
-2.749087639911351744e-01
-2.772719188637893240e-01
-2.796538201030500659e-01
-2.820569226115594574e-01
-2.844799768220980241e-01
-2.869221545714992772e-01
-2.893881682256278509e-01
-2.918765448012266006e-01
-2.943781651202357352e-01
-2.969054712033596388e-01
-2.994585830262224135e-01
-3.020309797302616062e-01
-3.046250079739536432e-01
-3.072420439280847404e-01
-3.098803462894750282e-01
-3.125383360015518974e-01
-3.152245681026784041e-01
-3.179305853887512967e-01
-3.206575106445086476e-01
-3.234058839745728164e-01
-3.261805027010495905e-01
-3.289747169041561392e-01
-3.317985323508025886e-01
-3.346430832432361058e-01
-3.375118779504475697e-01
-3.404018200518805770e-01
-3.433142654590142229e-01
-3.462547237922137811e-01
-3.492174066914230934e-01
-3.522074351373305490e-01
-3.552210465953464791e-01
-3.582586531411209307e-01
-3.613175746451133818e-01
-3.644020713195743610e-01
-3.675165510595661544e-01
-3.706547580619883320e-01
-3.738179793398046513e-01
-3.770047012520763019e-01
-3.802137127437390518e-01
-3.834564890009062310e-01
-3.867212170974880792e-01
-3.900139422616746288e-01
-3.933307227269153827e-01
-3.966772883095757152e-01
-4.000437464353296946e-01
-4.034419112335001500e-01
-4.068644476027998280e-01
-4.103156611518272712e-01
-4.137971684843932962e-01
-4.172984565319666217e-01
-4.208341651773821468e-01
-4.243883500245431151e-01
-4.279774005196941289e-01
-4.315933460802057198e-01
-4.352354910610927163e-01
-4.389075662015784474e-01
-4.426048973594731706e-01
-4.463255647154369399e-01
-4.500811843817871249e-01
-4.538667631923942736e-01
-4.576783746458943369e-01
-4.615196583890792681e-01
-4.653870624993601268e-01
-4.692800175031379695e-01
-4.732089454952301821e-01
-4.771655472663098863e-01
-4.811512106082886930e-01
-4.851662975961801294e-01
-4.892127349808390591e-01
-4.932785373389094730e-01
-4.973813491799035091e-01
-5.015182639286308586e-01
-5.056780622907695033e-01
-5.098719269419120792e-01
-5.140951674544851357e-01
-5.183444604233500286e-01
-5.226259281394334266e-01
-5.269399610274660972e-01
-5.312852845100906052e-01
-5.356590597100137074e-01
-5.400663053781897815e-01
-5.444929885150315840e-01
-5.489639090809248501e-01
-5.534590374446963779e-01
-5.579880699645798359e-01
-5.625479553275454236e-01
-5.671339153913663722e-01
-5.717548061707304896e-01
-5.764037100965140326e-01
-5.810901132055334983e-01
-5.858024435677862130e-01
-5.905489367664529254e-01
-5.953269640290557163e-01
-6.001324885884571358e-01
-6.049747152007682871e-01
-6.098452712380435514e-01
-6.147505587086072865e-01
-6.196866153973701330e-01
-6.246498324605909147e-01
-6.296486566029955156e-01
-6.346792861119752160e-01
-6.397412045210728593e-01
-6.448407880587865293e-01
-6.499634374137599480e-01
-6.551174782236728333e-01
-6.603101164911038268e-01
-6.655332505274884625e-01
-6.707918702622350793e-01
-6.760788645862305657e-01
-6.813928272602254310e-01
-6.867441335614614673e-01
-6.921265315107802962e-01
-6.975446522611719047e-01
-7.029930651673055308e-01
-7.084733871944877137e-01
-7.139771165932700114e-01
-7.195253139351507343e-01
-7.250995510039786041e-01
-7.307085019221801758e-01
-7.363486004516346384e-01
-7.420176413348826827e-01
-7.477211495603910407e-01
-7.534597194294576639e-01
-7.592329290445718470e-01
-7.650312400475343111e-01
-7.708572504413950810e-01
-7.767220427733150245e-01
-7.826184335427228689e-01
-7.885479441693235003e-01
-7.945146801500584388e-01
-8.004998958909652629e-01
-8.065223488828792142e-01
-8.125810570948317491e-01
-8.186708018776869267e-01
-8.247898049159800848e-01
-8.309315489664754750e-01
-8.371140233530525165e-01
-8.433304996797517106e-01
-8.495713876249340046e-01
-8.558494420387319224e-01
-8.621504218436086830e-01
-8.684905784831755682e-01
-8.748594725874454525e-01
-8.812548758622256173e-01
-8.876885430379672925e-01
-8.941427410247797525e-01
-9.006350733351098370e-01
-9.071564431737044742e-01
-9.137101043271513845e-01
-9.202857315771382218e-01
-9.268967080769527911e-01
-9.335357119005038840e-01
-9.402111302734112996e-01
-9.469065549062918308e-01
-9.536442428883447064e-01
-9.603931001687726621e-01
-9.671837389354607240e-01
-9.740009271728240492e-01
-9.808491800091871937e-01
-9.877217099123072330e-01
-9.946234056111507016e-01
-1.001552933738338425e+00
-1.008513923571342730e+00
-1.015501978182101084e+00
-1.022520859547569216e+00
-1.029551860319429579e+00
-1.036630744682412342e+00
-1.043725240012747690e+00
-1.050854481977665955e+00
-1.057999002901766517e+00
-1.065172046173415765e+00
-1.072378611574322349e+00
-1.079613079980219936e+00
-1.086869125522696322e+00
-1.094141704093971157e+00
-1.101447443891402145e+00
-1.108777776343856658e+00
-1.116141253632861208e+00
-1.123518650092876214e+00
-1.130917706282673407e+00
-1.138347229186507548e+00
-1.145806051872796161e+00
-1.153288091468567700e+00
-1.160776395942008321e+00
-1.168304683426043766e+00
-1.175850986147935373e+00
-1.183419914478150758e+00
-1.191000688372355398e+00
-1.198612011032565761e+00
-1.206249217570501742e+00
-1.213907921968143455e+00
-1.221579562526102336e+00
-1.229268748121683075e+00
-1.236991985542687189e+00
-1.244728564282382877e+00
-1.252481067955130811e+00
-1.260252443057254368e+00
-1.268041913255018471e+00
-1.275854728919455283e+00
-1.283691722951658676e+00
-1.291524229678941538e+00
-1.299392733034096636e+00
-1.307279761255585981e+00
-1.315173639068319744e+00
-1.323079599635121895e+00
-1.331017100926487728e+00
-1.338957199354894101e+00
-1.346925068479805532e+00
-1.354894993222700350e+00
-1.362877590731130795e+00
-1.370882472503154759e+00
-1.378898370221776304e+00
-1.386920852619539346e+00
-1.394970570397447318e+00
-1.403021531446455583e+00
-1.411092393637346731e+00
-1.419164160836430710e+00
-1.427246009878018640e+00
-1.435346998161890042e+00
-1.443454619917048376e+00
-1.451569870262119366e+00
-1.459683359233537203e+00
-1.467823712896347388e+00
-1.475962171550150970e+00
-1.484113207848224647e+00
-1.492265267359385916e+00
-1.500418644583589867e+00
-1.508593988845973399e+00
-1.516772663718029435e+00
-1.524938222572757240e+00
-1.533124679534410006e+00
-1.541303484128292212e+00
-1.549495481479794989e+00
-1.557682269855433788e+00
-1.565880154447171435e+00
-1.574082010510949203e+00
-1.582269934861415095e+00
-1.590464973136192839e+00
-1.598666347031041823e+00
-1.606869547307667290e+00
-1.615067342794588967e+00
-1.623247762202367994e+00
-1.631449822653110004e+00
-1.639633866282792951e+00
-1.647828746312654857e+00
-1.656002755870900955e+00
-1.664182749125444616e+00
-1.672357766305111682e+00
-1.680532174485193764e+00
-1.688687888128981740e+00
-1.696831916980613641e+00
-1.704992404372490000e+00
-1.713134422769087450e+00
-1.721264841206391338e+00
-1.729379993002908122e+00
-1.737496047718451564e+00
-1.745593526900393044e+00
-1.753683901176742665e+00
