====================Carbon====================
[[[-1.57635231e+00 -7.09081575e-02  0.00000000e+00]
  [-7.09081575e-02 -1.12744134e+00  0.00000000e+00]
  [ 0.00000000e+00  0.00000000e+00  5.20110425e+01]]

 [[-9.50213486e+00 -1.58930072e-01  0.00000000e+00]
  [-1.58930072e-01 -8.69438512e+00  0.00000000e+00]
  [ 0.00000000e+00  0.00000000e+00  1.00187619e+01]]

 [[-8.75868508e+00  2.70300862e-01  0.00000000e+00]
  [ 2.70300862e-01 -9.43783491e+00  0.00000000e+00]
  [ 0.00000000e+00  0.00000000e+00  1.00187619e+01]]

 [[-1.17826082e+00  1.58930072e-01  0.00000000e+00]
  [ 1.58930072e-01 -1.52553283e+00  0.00000000e+00]
  [ 0.00000000e+00  0.00000000e+00  5.20110425e+01]]

 [[ 2.26082793e+00 -7.09081575e-02  0.00000000e+00]
  [-7.09081575e-02  2.17895025e+00  0.00000000e+00]
  [ 0.00000000e+00  0.00000000e+00  1.33476644e+02]]

 [[-2.28425733e+01  5.00139091e-01  0.00000000e+00]
  [ 5.00139091e-01 -2.08257835e+01  0.00000000e+00]
  [ 0.00000000e+00  0.00000000e+00 -3.22954561e+01]]

 [[-2.17631141e+01  1.12336517e+00  0.00000000e+00]
  [ 1.12336517e+00 -2.19052427e+01  0.00000000e+00]
  [ 0.00000000e+00  0.00000000e+00 -3.22954561e+01]]

 [[ 2.26082793e+00 -7.09081575e-02  0.00000000e+00]
  [-7.09081575e-02  2.17895025e+00  0.00000000e+00]
  [ 0.00000000e+00  0.00000000e+00  1.33476644e+02]]

 [[-9.50213486e+00 -1.58930072e-01  0.00000000e+00]
  [-1.58930072e-01 -8.69438512e+00  0.00000000e+00]
  [ 0.00000000e+00  0.00000000e+00  1.00187619e+01]]

 [[-8.75868508e+00  2.70300862e-01  0.00000000e+00]
  [ 2.70300862e-01 -9.43783491e+00  0.00000000e+00]
  [ 0.00000000e+00  0.00000000e+00  1.00187619e+01]]

 [[-1.17826082e+00  1.58930072e-01  0.00000000e+00]
  [ 1.58930072e-01 -1.52553283e+00  0.00000000e+00]
  [ 0.00000000e+00  0.00000000e+00  5.20110425e+01]]

 [[-2.17631141e+01  1.12336517e+00  0.00000000e+00]
  [ 1.12336517e+00 -2.19052427e+01  0.00000000e+00]
  [ 0.00000000e+00  0.00000000e+00 -3.22954561e+01]]

 [[-2.28425733e+01  5.00139091e-01  0.00000000e+00]
  [ 5.00139091e-01 -2.08257835e+01  0.00000000e+00]
  [ 0.00000000e+00  0.00000000e+00 -3.22954561e+01]]

 [[-1.57635231e+00 -7.09081575e-02  0.00000000e+00]
  [-7.09081575e-02 -1.12744134e+00  0.00000000e+00]
  [ 0.00000000e+00  0.00000000e+00  5.20110425e+01]]]
===================Hydrogen===================
[[[-1.15027316e+01 -7.28271687e+00  0.00000000e+00]
  [-7.28271687e+00 -1.99120886e+01  0.00000000e+00]
  [ 0.00000000e+00  0.00000000e+00 -1.71444679e+01]]

 [[-4.25908249e+00  2.69655010e+00  0.00000000e+00]
  [ 2.69655010e+00 -7.37279035e+00  0.00000000e+00]
  [ 0.00000000e+00  0.00000000e+00 -6.34803157e+00]]

 [[-8.92964428e+00  2.53718176e-15  0.00000000e+00]
  [ 2.53718176e-15 -2.70222857e+00  0.00000000e+00]
  [ 0.00000000e+00  0.00000000e+00 -6.34803157e+00]]

 [[-1.15027316e+01 -7.28271687e+00  0.00000000e+00]
  [-7.28271687e+00 -1.99120886e+01  0.00000000e+00]
  [ 0.00000000e+00  0.00000000e+00 -1.71444679e+01]]

 [[-2.82042359e+01 -1.78569293e+01  0.00000000e+00]
  [-1.78569293e+01 -4.88236418e+01  0.00000000e+00]
  [ 0.00000000e+00  0.00000000e+00 -4.20375468e+01]]

 [[-2.82042359e+01 -1.78569293e+01  0.00000000e+00]
  [-1.78569293e+01 -4.88236418e+01  0.00000000e+00]
  [ 0.00000000e+00  0.00000000e+00 -4.20375468e+01]]

 [[-4.25908249e+00  2.69655010e+00  0.00000000e+00]
  [ 2.69655010e+00 -7.37279035e+00  0.00000000e+00]
  [ 0.00000000e+00  0.00000000e+00 -6.34803157e+00]]

 [[-8.92964428e+00  2.53718176e-15  0.00000000e+00]
  [ 2.53718176e-15 -2.70222857e+00  0.00000000e+00]
  [ 0.00000000e+00  0.00000000e+00 -6.34803157e+00]]

 [[-1.15027316e+01 -7.28271687e+00  0.00000000e+00]
  [-7.28271687e+00 -1.99120886e+01  0.00000000e+00]
  [ 0.00000000e+00  0.00000000e+00 -1.71444679e+01]]

 [[-1.15027316e+01 -7.28271687e+00  0.00000000e+00]
  [-7.28271687e+00 -1.99120886e+01  0.00000000e+00]
  [ 0.00000000e+00  0.00000000e+00 -1.71444679e+01]]]