====================Carbon====================
[[[-6.6900000e-04  3.7700000e-04  0.0000000e+00]
  [ 3.7700000e-04 -3.3480000e-03  1.0000000e-06]
  [ 0.0000000e+00  1.0000000e-06 -2.2072000e-02]]

 [[-2.1070000e-03  1.0000000e-06 -1.0000000e-06]
  [ 1.0000000e-06 -5.5750000e-03  0.0000000e+00]
  [-1.0000000e-06  0.0000000e+00 -5.0450000e-03]]

 [[-7.8600000e-04 -3.2900000e-04 -3.0000000e-06]
  [-3.2900000e-04 -3.3530000e-03  0.0000000e+00]
  [-3.0000000e-06  0.0000000e+00 -2.2095000e-02]]

 [[ 6.0390000e-03  7.2500000e-04 -5.0000000e-06]
  [ 7.2500000e-04  3.0260000e-03  2.0000000e-06]
  [-5.0000000e-06  2.0000000e-06  1.6306000e-02]]

 [[ 6.6500000e-03 -1.9900000e-04  1.0000000e-06]
  [-1.9900000e-04  3.6640000e-03  1.0000000e-06]
  [ 1.0000000e-06  1.0000000e-06  1.7756000e-02]]

 [[ 6.6620000e-03  2.6500000e-04  2.0000000e-06]
  [ 2.6500000e-04  3.5260000e-03 -0.0000000e+00]
  [ 2.0000000e-06 -0.0000000e+00  1.7691000e-02]]

 [[ 6.0200000e-03 -7.1400000e-04 -1.0000000e-06]
  [-7.1400000e-04  3.0070000e-03 -2.0000000e-06]
  [-1.0000000e-06 -2.0000000e-06  1.6276000e-02]]

 [[-3.4900000e-04  5.6800000e-04  6.0000000e-06]
  [ 5.6800000e-04 -4.7170000e-03  1.0000000e-06]
  [ 6.0000000e-06  1.0000000e-06 -2.1937000e-02]]

 [[-5.5170000e-03  7.4900000e-04 -2.0000000e-06]
  [ 7.4900000e-04 -9.4680000e-03  2.0000000e-06]
  [-2.0000000e-06  2.0000000e-06 -3.0771000e-02]]

 [[-5.6730000e-03 -7.3800000e-04 -6.0000000e-06]
  [-7.3800000e-04 -9.6000000e-03  8.0000000e-06]
  [-6.0000000e-06  8.0000000e-06 -3.0999000e-02]]

 [[-4.1700000e-04 -5.3200000e-04  5.0000000e-06]
  [-5.3200000e-04 -4.7210000e-03  0.0000000e+00]
  [ 5.0000000e-06  0.0000000e+00 -2.1988000e-02]]

 [[ 1.3705000e-02  1.8700000e-04  3.0000000e-06]
  [ 1.8700000e-04  1.0230000e-02 -2.0000000e-06]
  [ 3.0000000e-06 -2.0000000e-06  2.9655000e-02]]

 [[ 9.7890000e-03  8.0000000e-06  1.6000000e-05]
  [ 8.0000000e-06  4.5540000e-03 -3.0000000e-06]
  [ 1.6000000e-05 -3.0000000e-06  4.8662000e-02]]

 [[ 1.3846000e-02 -2.6800000e-04 -1.0000000e-06]
  [-2.6800000e-04  1.0171000e-02 -1.0000000e-06]
  [-1.0000000e-06 -1.0000000e-06  2.9644000e-02]]

 [[-7.8120000e-03  4.6800000e-04 -7.0000000e-06]
  [ 4.6800000e-04 -1.1899000e-02 -4.0000000e-06]
  [-7.0000000e-06 -4.0000000e-06 -7.3956000e-02]]

 [[-9.2980000e-03  2.8000000e-05 -2.0000000e-05]
  [ 2.8000000e-05 -1.6691000e-02  0.0000000e+00]
  [-2.0000000e-05  0.0000000e+00 -3.7597000e-02]]

 [[-7.2150000e-03 -4.7100000e-04 -3.0000000e-06]
  [-4.7100000e-04 -1.1485000e-02  6.0000000e-06]
  [-3.0000000e-06  6.0000000e-06 -7.3372000e-02]]

 [[ 1.4858000e-02  1.7300000e-03  3.0000000e-06]
  [ 1.7300000e-03  1.0372000e-02  8.0000000e-06]
  [ 3.0000000e-06  8.0000000e-06  6.5709000e-02]]

 [[ 2.3297000e-02  6.0000000e-06  1.9000000e-05]
  [ 6.0000000e-06  1.6738000e-02 -1.4000000e-05]
  [ 1.9000000e-05 -1.4000000e-05  5.0372000e-02]]

 [[ 2.3512000e-02  1.0000000e-05  1.3000000e-05]
  [ 1.0000000e-05  1.6875000e-02  4.0000000e-06]
  [ 1.3000000e-05  4.0000000e-06  5.0526000e-02]]

 [[ 1.4804000e-02 -1.7520000e-03 -4.0000000e-06]
  [-1.7520000e-03  1.0247000e-02 -8.0000000e-06]
  [-4.0000000e-06 -8.0000000e-06  6.5681000e-02]]

 [[-1.0058000e-02  2.1610000e-03 -9.0000000e-06]
  [ 2.1610000e-03 -1.7089000e-02 -2.0000000e-06]
  [-9.0000000e-06 -2.0000000e-06 -7.3805000e-02]]

 [[-2.7223000e-02  1.2890000e-03 -1.1000000e-05]
  [ 1.2890000e-03 -2.8345000e-02 -6.0000000e-05]
  [-1.1000000e-05 -6.0000000e-05 -1.1120000e-01]]

 [[-2.7634000e-02 -1.0740000e-03 -1.0000000e-06]
  [-1.0740000e-03 -2.8613000e-02  8.3000000e-05]
  [-1.0000000e-06  8.3000000e-05 -1.1176900e-01]]

 [[-1.0084000e-02 -2.1300000e-03 -6.0000000e-06]
  [-2.1300000e-03 -1.6784000e-02  1.9000000e-05]
  [-6.0000000e-06  1.9000000e-05 -7.3799000e-02]]

 [[ 4.0185000e-02  3.7700000e-04  3.0000000e-06]
  [ 3.7700000e-04  3.8437000e-02  2.4000000e-05]
  [ 3.0000000e-06  2.4000000e-05  1.2053600e-01]]

 [[ 3.2219000e-02 -4.7000000e-05  6.3000000e-05]
  [-4.7000000e-05  2.2439000e-02 -1.1000000e-05]
  [ 6.3000000e-05 -1.1000000e-05  1.5335600e-01]]

 [[ 3.9936000e-02 -4.7000000e-04  2.0000000e-06]
  [-4.7000000e-04  3.8514000e-02 -6.2000000e-05]
  [ 2.0000000e-06 -6.2000000e-05  1.2028400e-01]]

 [[-4.2194000e-02  7.3700000e-04 -1.0000000e-05]
  [ 7.3700000e-04 -4.6550000e-02 -6.3000000e-05]
  [-1.0000000e-05 -6.3000000e-05 -2.4746700e-01]]

 [[-3.4221000e-02 -4.5000000e-05  7.4000000e-05]
  [-4.5000000e-05 -4.8219000e-02  0.0000000e+00]
  [ 7.4000000e-05  0.0000000e+00 -1.3115600e-01]]

 [[-4.2024000e-02 -6.9300000e-04 -2.1000000e-05]
  [-6.9300000e-04 -4.6937000e-02  7.9000000e-05]
  [-2.1000000e-05  7.9000000e-05 -2.4731000e-01]]

 [[ 4.7284000e-02  4.9810000e-03  7.0000000e-06]
  [ 4.9810000e-03  4.1060000e-02  1.4000000e-05]
  [ 7.0000000e-06  1.4000000e-05  2.4669800e-01]]

 [[ 7.1496000e-02  7.9700000e-04  9.0000000e-06]
  [ 7.9700000e-04  6.3261000e-02  1.2500000e-04]
  [ 9.0000000e-06  1.2500000e-04  1.6734300e-01]]

 [[ 6.9977000e-02 -3.1000000e-04  7.0000000e-06]
  [-3.1000000e-04  6.1848000e-02 -1.4200000e-04]
  [ 7.0000000e-06 -1.4200000e-04  1.6570500e-01]]

 [[ 4.6698000e-02 -4.8090000e-03  1.1000000e-05]
  [-4.8090000e-03  4.0611000e-02 -2.6000000e-05]
  [ 1.1000000e-05 -2.6000000e-05  2.4618900e-01]]

 [[-5.1061000e-02  6.9100000e-03 -1.3000000e-05]
  [ 6.9100000e-03 -7.1317000e-02 -2.0000000e-06]
  [-1.3000000e-05 -2.0000000e-06 -2.5823100e-01]]

 [[-9.7988000e-02  1.7780000e-03  4.6000000e-05]
  [ 1.7780000e-03 -1.0718900e-01 -1.4000000e-05]
  [ 4.6000000e-05 -1.4000000e-05 -3.7568800e-01]]

 [[-9.6550000e-02 -2.0130000e-03  4.7000000e-05]
  [-2.0130000e-03 -1.0635400e-01 -1.4000000e-05]
  [ 4.7000000e-05 -1.4000000e-05 -3.7420700e-01]]

 [[-5.1774000e-02 -6.7040000e-03 -2.5000000e-05]
  [-6.7040000e-03 -7.1968000e-02  1.2000000e-05]
  [-2.5000000e-05  1.2000000e-05 -2.5841900e-01]]

 [[ 1.3609400e-01  8.5900000e-04 -1.6000000e-05]
  [ 8.5900000e-04  1.2943000e-01  1.2000000e-05]
  [-1.6000000e-05  1.2000000e-05  4.5096500e-01]]

 [[ 1.0786900e-01  8.3000000e-05 -1.2700000e-04]
  [ 8.3000000e-05  9.2310000e-02 -2.0000000e-06]
  [-1.2700000e-04 -2.0000000e-06  5.6458500e-01]]

 [[ 1.3545800e-01 -6.5300000e-04 -1.0000000e-05]
  [-6.5300000e-04  1.2798800e-01 -1.4000000e-05]
  [-1.0000000e-05 -1.4000000e-05  4.5042700e-01]]

 [[-1.6215400e-01 -2.5030000e-03  2.3000000e-05]
  [-2.5030000e-03 -1.7969500e-01 -3.8000000e-05]
  [ 2.3000000e-05 -3.8000000e-05 -8.2042100e-01]]

 [[-1.2652400e-01 -1.1400000e-04  9.6000000e-05]
  [-1.1400000e-04 -1.6291600e-01 -2.8000000e-05]
  [ 9.6000000e-05 -2.8000000e-05 -4.7658000e-01]]

 [[-1.6272400e-01  2.9750000e-03  2.0000000e-06]
  [ 2.9750000e-03 -1.7921800e-01  2.6000000e-05]
  [ 2.0000000e-06  2.6000000e-05 -8.2084200e-01]]

 [[ 1.5296100e-01  1.8222000e-02 -3.0000000e-06]
  [ 1.8222000e-02  1.4320700e-01  9.0000000e-05]
  [-3.0000000e-06  9.0000000e-05  9.2422600e-01]]

 [[ 2.4288600e-01 -6.4700000e-04 -6.6000000e-05]
  [-6.4700000e-04  2.2024800e-01 -1.5000000e-05]
  [-6.6000000e-05 -1.5000000e-05  5.9357800e-01]]

 [[ 2.4467700e-01  6.3600000e-04 -6.5000000e-05]
  [ 6.3600000e-04  2.2127300e-01  5.1000000e-05]
  [-6.5000000e-05  5.1000000e-05  5.9514900e-01]]

 [[ 1.5279900e-01 -1.8033000e-02  2.8000000e-05]
  [-1.8033000e-02  1.4258700e-01 -1.5000000e-05]
  [ 2.8000000e-05 -1.5000000e-05  9.2350300e-01]]

 [[-2.1432800e-01  2.1320000e-02  2.3000000e-05]
  [ 2.1320000e-02 -2.7172400e-01 -3.3000000e-05]
  [ 2.3000000e-05 -3.3000000e-05 -9.1326200e-01]]

 [[-4.0344400e-01  1.0105000e-02 -2.0000000e-05]
  [ 1.0105000e-02 -4.1308300e-01  9.5000000e-05]
  [-2.0000000e-05  9.5000000e-05 -1.3315660e+00]]

 [[-4.0485600e-01 -9.3520000e-03  3.0000000e-06]
  [-9.3520000e-03 -4.1549100e-01 -1.9000000e-04]
  [ 3.0000000e-06 -1.9000000e-04 -1.3330260e+00]]

 [[-2.1285800e-01 -2.1512000e-02 -2.0000000e-06]
  [-2.1512000e-02 -2.7054000e-01 -1.0000000e-05]
  [-2.0000000e-06 -1.0000000e-05 -9.1201200e-01]]

 [[ 4.4684100e-01  2.9330000e-03  2.2000000e-05]
  [ 2.9330000e-03  4.2515100e-01 -5.3000000e-05]
  [ 2.2000000e-05 -5.3000000e-05  1.6616510e+00]]

 [[ 3.8285800e-01 -3.5000000e-05 -2.3500000e-04]
  [-3.5000000e-05  3.5101300e-01  4.0000000e-06]
  [-2.3500000e-04  4.0000000e-06  2.1998390e+00]]

 [[ 4.4570900e-01 -3.1150000e-03  4.9000000e-05]
  [-3.1150000e-03  4.2607100e-01  2.1500000e-04]
  [ 4.9000000e-05  2.1500000e-04  1.6606320e+00]]

 [[-6.6577600e-01 -1.2399000e-02 -7.0000000e-06]
  [-1.2399000e-02 -7.0459400e-01 -4.4000000e-05]
  [-7.0000000e-06 -4.4000000e-05 -2.7735850e+00]]

 [[-5.1472100e-01 -2.5800000e-04 -7.5000000e-05]
  [-2.5800000e-04 -6.2204000e-01 -1.0500000e-04]
  [-7.5000000e-05 -1.0500000e-04 -1.8199310e+00]]

 [[-6.6786600e-01  1.2648000e-02 -1.9000000e-05]
  [ 1.2648000e-02 -7.0393200e-01 -6.1000000e-05]
  [-1.9000000e-05 -6.1000000e-05 -2.7758310e+00]]

 [[ 4.9807000e-01  6.1950000e-02 -5.5000000e-05]
  [ 6.1950000e-02  4.8723700e-01  2.4000000e-04]
  [-5.5000000e-05  2.4000000e-04  3.5858440e+00]]

 [[ 8.3220300e-01  3.8570000e-03 -1.5000000e-05]
  [ 3.8570000e-03  7.6607800e-01 -2.2400000e-04]
  [-1.5000000e-05 -2.2400000e-04  2.1179150e+00]]

 [[ 8.3148800e-01 -3.4670000e-03 -5.7000000e-05]
  [-3.4670000e-03  7.6482800e-01  3.5500000e-04]
  [-5.7000000e-05  3.5500000e-04  2.1175480e+00]]

 [[ 4.9892400e-01 -6.0571000e-02 -5.3000000e-05]
  [-6.0571000e-02  4.8829300e-01  8.2000000e-05]
  [-5.3000000e-05  8.2000000e-05  3.5853960e+00]]

 [[-9.1896800e-01  8.2841000e-02  1.3200000e-04]
  [ 8.2841000e-02 -1.0942630e+00 -1.4800000e-04]
  [ 1.3200000e-04 -1.4800000e-04 -3.3324620e+00]]

 [[-1.7437610e+00  3.4802000e-02  7.2000000e-05]
  [ 3.4802000e-02 -1.7043300e+00 -2.8800000e-04]
  [ 7.2000000e-05 -2.8800000e-04 -4.8339760e+00]]

 [[-1.7430120e+00 -3.4524000e-02  1.9000000e-04]
  [-3.4524000e-02 -1.7037980e+00  4.6000000e-05]
  [ 1.9000000e-04  4.6000000e-05 -4.8336280e+00]]

 [[-9.1929900e-01 -8.2423000e-02  9.9000000e-05]
  [-8.2423000e-02 -1.0943890e+00 -6.8000000e-05]
  [ 9.9000000e-05 -6.8000000e-05 -3.3326260e+00]]

 [[ 1.4335700e+00 -5.7500000e-04  6.0000000e-06]
  [-5.7500000e-04  1.3910030e+00  1.3900000e-04]
  [ 6.0000000e-06  1.3900000e-04  6.3130260e+00]]

 [[ 1.3162900e+00 -7.3000000e-05 -2.4200000e-04]
  [-7.3000000e-05  1.2747070e+00  1.1300000e-04]
  [-2.4200000e-04  1.1300000e-04  9.0635920e+00]]

 [[ 1.4329050e+00  1.2710000e-03 -5.3000000e-05]
  [ 1.2710000e-03  1.3911780e+00  4.1100000e-04]
  [-5.3000000e-05  4.1100000e-04  6.3117030e+00]]

 [[-2.8419150e+00 -7.0119000e-02  1.6700000e-04]
  [-7.0119000e-02 -2.8938850e+00 -1.6700000e-04]
  [ 1.6700000e-04 -1.6700000e-04 -9.2920790e+00]]

 [[-2.1292780e+00  3.6000000e-05  3.8900000e-04]
  [ 3.6000000e-05 -2.4796890e+00 -1.8200000e-04]
  [ 3.8900000e-04 -1.8200000e-04 -7.0141270e+00]]

 [[-2.8422750e+00  6.9763000e-02  2.2400000e-04]
  [ 6.9763000e-02 -2.8942850e+00 -1.6200000e-04]
  [ 2.2400000e-04 -1.6200000e-04 -9.2923060e+00]]

 [[ 1.5558800e+00  2.1293200e-01 -8.9000000e-04]
  [ 2.1293200e-01  1.6094560e+00  3.1500000e-04]
  [-8.9000000e-04  3.1500000e-04  1.4653852e+01]]

 [[ 2.6699310e+00  3.5047000e-02 -1.7700000e-04]
  [ 3.5047000e-02  2.5071610e+00  1.0000000e-06]
  [-1.7700000e-04  1.0000000e-06  7.3978780e+00]]

 [[ 2.6696900e+00 -3.5277000e-02 -2.2000000e-04]
  [-3.5277000e-02  2.5069410e+00  3.3300000e-04]
  [-2.2000000e-04  3.3300000e-04  7.3974380e+00]]

 [[ 1.5563230e+00 -2.1294700e-01 -9.0300000e-04]
  [-2.1294700e-01  1.6096630e+00  4.8200000e-04]
  [-9.0300000e-04  4.8200000e-04  1.4652812e+01]]

 [[-3.9548130e+00  3.1847200e-01  7.1700000e-04]
  [ 3.1847200e-01 -4.4867750e+00 -2.1500000e-04]
  [ 7.1700000e-04 -2.1500000e-04 -1.2164928e+01]]

 [[-7.5395190e+00  1.3147600e-01  7.1300000e-04]
  [ 1.3147600e-01 -7.1008390e+00 -4.3700000e-04]
  [ 7.1300000e-04 -4.3700000e-04 -1.7047118e+01]]

 [[-7.5408580e+00 -1.3176700e-01  7.8500000e-04]
  [-1.3176700e-01 -7.1020880e+00 -1.9000000e-04]
  [ 7.8500000e-04 -1.9000000e-04 -1.7047689e+01]]

 [[-3.9546140e+00 -3.1873100e-01  6.6300000e-04]
  [-3.1873100e-01 -4.4867210e+00 -3.6700000e-04]
  [ 6.6300000e-04 -3.6700000e-04 -1.2164498e+01]]

 [[ 4.0462180e+00 -5.5742000e-02 -1.1890000e-03]
  [-5.5742000e-02  3.9839190e+00  5.7400000e-04]
  [-1.1890000e-03  5.7400000e-04  2.4068822e+01]]

 [[ 3.8672260e+00  3.3000000e-05 -2.6460000e-03]
  [ 3.3000000e-05  4.0157380e+00  6.0800000e-04]
  [-2.6460000e-03  6.0800000e-04  3.7756656e+01]]

 [[ 4.0461860e+00  5.6054000e-02 -1.3050000e-03]
  [ 5.6054000e-02  3.9833480e+00  9.8700000e-04]
  [-1.3050000e-03  9.8700000e-04  2.4065623e+01]]

 [[-1.1073687e+01 -4.5362900e-01  9.3500000e-04]
  [-4.5362900e-01 -1.0832402e+01 -1.3700000e-04]
  [ 9.3500000e-04 -1.3700000e-04 -2.6884329e+01]]

 [[-7.8278690e+00  5.2000000e-04  1.3320000e-03]
  [ 5.2000000e-04 -8.6897460e+00 -4.1400000e-04]
  [ 1.3320000e-03 -4.1400000e-04 -2.2872471e+01]]

 [[-1.1071159e+01  4.5343700e-01  1.0650000e-03]
  [ 4.5343700e-01 -1.0829802e+01 -6.1500000e-04]
  [ 1.0650000e-03 -6.1500000e-04 -2.6881234e+01]]

 [[ 3.7229790e+00  5.3356700e-01 -5.2410000e-03]
  [ 5.3356700e-01  4.1815770e+00 -5.5800000e-04]
  [-5.2410000e-03 -5.5800000e-04  5.5031180e+01]]

 [[ 6.3252750e+00  1.1848900e-01 -1.2880000e-03]
  [ 1.1848900e-01  6.1002960e+00  3.7400000e-04]
  [-1.2880000e-03  3.7400000e-04  2.1354403e+01]]

 [[ 6.3235790e+00 -1.1851800e-01 -1.2540000e-03]
  [-1.1851800e-01  6.0996720e+00  6.1700000e-04]
  [-1.2540000e-03  6.1700000e-04  2.1353836e+01]]

 [[ 3.7235190e+00 -5.3408400e-01 -4.8630000e-03]
  [-5.3408400e-01  4.1816110e+00  2.4220000e-03]
  [-4.8630000e-03  2.4220000e-03  5.5027975e+01]]

 [[-1.1970745e+01  8.6092400e-01  1.7110000e-03]
  [ 8.6092400e-01 -1.2649540e+01  3.2000000e-05]
  [ 1.7110000e-03  3.2000000e-05 -3.1066534e+01]]

 [[-1.9055262e+01  5.8766900e-01  1.5980000e-03]
  [ 5.8766900e-01 -1.7281407e+01 -3.7900000e-04]
  [ 1.5980000e-03 -3.7900000e-04 -3.8193684e+01]]

 [[-1.9055741e+01 -5.8747500e-01  1.6330000e-03]
  [-5.8747500e-01 -1.7281893e+01 -7.4000000e-04]
  [ 1.6330000e-03 -7.4000000e-04 -3.8193588e+01]]

 [[-1.1968703e+01 -8.6056300e-01  1.6500000e-03]
  [-8.6056300e-01 -1.2647806e+01 -9.4600000e-04]
  [ 1.6500000e-03 -9.4600000e-04 -3.1064159e+01]]

 [[ 4.4465450e+00  1.0481800e-01 -4.3420000e-03]
  [ 1.0481800e-01  4.1949550e+00  6.8700000e-04]
  [-4.3420000e-03  6.8700000e-04  5.3186992e+01]]

 [[ 4.4247090e+00  7.2000000e-05 -7.6220000e-03]
  [ 7.2000000e-05  4.1289080e+00  2.3980000e-03]
  [-7.6220000e-03  2.3980000e-03  8.8808420e+01]]

 [[ 4.4460240e+00 -1.0476900e-01 -4.1750000e-03]
  [-1.0476900e-01  4.1947200e+00  1.9920000e-03]
  [-4.1750000e-03  1.9920000e-03  5.3182534e+01]]]
===================Hydrogen===================
[[[ 2.5356000e-02 -1.6000000e-05 -7.1900000e-04]
  [-1.6000000e-05  1.2561000e-02 -9.0000000e-06]
  [-7.1900000e-04 -9.0000000e-06  1.3158000e-02]]

 [[ 2.5366000e-02 -1.4000000e-05  7.1700000e-04]
  [-1.4000000e-05  1.2573000e-02  9.0000000e-06]
  [ 7.1700000e-04  9.0000000e-06  1.3168000e-02]]

 [[ 1.0093000e-02  1.1140000e-03 -1.0000000e-06]
  [ 1.1140000e-03  5.3260000e-03  0.0000000e+00]
  [-1.0000000e-06  0.0000000e+00  1.3910000e-03]]

 [[ 1.0011000e-02 -1.1120000e-03  1.0000000e-06]
  [-1.1120000e-03  5.2410000e-03 -0.0000000e+00]
  [ 1.0000000e-06 -0.0000000e+00  1.2970000e-03]]

 [[ 2.7470000e-03  3.9010000e-03 -1.0000000e-06]
  [ 3.9010000e-03 -6.9520000e-03 -2.0000000e-06]
  [-1.0000000e-06 -2.0000000e-06 -7.7130000e-03]]

 [[ 2.7480000e-03 -3.8990000e-03 -1.0000000e-06]
  [-3.8990000e-03 -6.9640000e-03  1.0000000e-06]
  [-1.0000000e-06  1.0000000e-06 -7.7110000e-03]]

 [[ 1.7951000e-02  5.2370000e-03 -0.0000000e+00]
  [ 5.2370000e-03 -1.8390000e-03 -1.0000000e-06]
  [-0.0000000e+00 -1.0000000e-06 -8.8200000e-04]]

 [[ 1.7897000e-02 -5.2480000e-03 -1.0000000e-06]
  [-5.2480000e-03 -1.8750000e-03  1.0000000e-06]
  [-1.0000000e-06  1.0000000e-06 -8.4900000e-04]]

 [[-8.9640000e-03  1.1624000e-02  2.0000000e-06]
  [ 1.1624000e-02 -1.8459000e-02  3.0000000e-06]
  [ 2.0000000e-06  3.0000000e-06 -2.2196000e-02]]

 [[-9.0460000e-03 -1.1640000e-02  1.0000000e-06]
  [-1.1640000e-02 -1.8623000e-02 -0.0000000e+00]
  [ 1.0000000e-06 -0.0000000e+00 -2.2291000e-02]]

 [[ 4.4666000e-02  1.4085000e-02  3.0000000e-06]
  [ 1.4085000e-02  3.0450000e-03 -4.0000000e-06]
  [ 3.0000000e-06 -4.0000000e-06  5.2890000e-03]]

 [[ 4.4880000e-02 -1.4051000e-02  5.0000000e-06]
  [-1.4051000e-02  3.1830000e-03  9.0000000e-06]
  [ 5.0000000e-06  9.0000000e-06  5.4500000e-03]]

 [[-5.8586000e-02  3.7731000e-02  3.0000000e-06]
  [ 3.7731000e-02 -5.6498000e-02  5.0000000e-06]
  [ 3.0000000e-06  5.0000000e-06 -7.2631000e-02]]

 [[-5.8430000e-02 -3.7719000e-02  3.0000000e-06]
  [-3.7719000e-02 -5.6285000e-02 -2.0000000e-06]
  [ 3.0000000e-06 -2.0000000e-06 -7.2513000e-02]]

 [[ 1.2332500e-01  4.2956000e-02 -4.0000000e-06]
  [ 4.2956000e-02  2.0490000e-02  6.0000000e-06]
  [-4.0000000e-06  6.0000000e-06  2.9238000e-02]]

 [[ 1.2334800e-01 -4.2913000e-02 -6.0000000e-06]
  [-4.2913000e-02  2.0335000e-02 -3.0000000e-06]
  [-6.0000000e-06 -3.0000000e-06  2.9270000e-02]]

 [[-2.6983100e-01  1.3296200e-01 -2.1000000e-05]
  [ 1.3296200e-01 -1.9746900e-01 -1.6000000e-05]
  [-2.1000000e-05 -1.6000000e-05 -2.6286100e-01]]

 [[-2.7021100e-01 -1.3287000e-01 -1.0000000e-06]
  [-1.3287000e-01 -1.9766200e-01  1.0000000e-05]
  [-1.0000000e-06  1.0000000e-05 -2.6303600e-01]]

 [[ 3.8646600e-01  1.4741200e-01 -1.3000000e-05]
  [ 1.4741200e-01  9.4716000e-02  6.0000000e-06]
  [-1.3000000e-05  6.0000000e-06  1.1030900e-01]]

 [[ 3.8659000e-01 -1.4732800e-01 -7.0000000e-06]
  [-1.4732800e-01  9.4741000e-02 -4.0000000e-06]
  [-7.0000000e-06 -4.0000000e-06  1.1022700e-01]]

 [[-1.1734370e+00  5.1157100e-01 -3.7000000e-05]
  [ 5.1157100e-01 -7.3807800e-01 -1.1000000e-05]
  [-3.7000000e-05 -1.1000000e-05 -1.0284330e+00]]

 [[-1.1731210e+00 -5.1169800e-01  3.4000000e-05]
  [-5.1169800e-01 -7.3738400e-01 -2.4000000e-05]
  [ 3.4000000e-05 -2.4000000e-05 -1.0288690e+00]]

 [[ 1.2920930e+00  5.2680300e-01  2.0000000e-05]
  [ 5.2680300e-01  4.0947600e-01  3.4000000e-05]
  [ 2.0000000e-05  3.4000000e-05  3.8312300e-01]]

 [[ 1.2925850e+00 -5.2649100e-01  6.4000000e-05]
  [-5.2649100e-01  4.1010500e-01 -3.3000000e-05]
  [ 6.4000000e-05 -3.3000000e-05  3.8312300e-01]]

 [[-5.2244380e+00  2.0850710e+00 -6.3000000e-05]
  [ 2.0850710e+00 -2.9346350e+00  2.0400000e-04]
  [-6.3000000e-05  2.0400000e-04 -4.2981800e+00]]

 [[-5.2234470e+00 -2.0850280e+00  8.1000000e-05]
  [-2.0850280e+00 -2.9343420e+00 -2.9200000e-04]
  [ 8.1000000e-05 -2.9200000e-04 -4.2983000e+00]]

 [[ 4.1711520e+00  1.7179930e+00  1.8100000e-04]
  [ 1.7179930e+00  1.7013990e+00  1.9000000e-04]
  [ 1.8100000e-04  1.9000000e-04  1.2815120e+00]]

 [[ 4.1713350e+00 -1.7175890e+00  3.0200000e-04]
  [-1.7175890e+00  1.7014450e+00 -2.2300000e-04]
  [ 3.0200000e-04 -2.2300000e-04  1.2810900e+00]]

 [[-2.1024296e+01  7.4908760e+00 -3.9400000e-04]
  [ 7.4908760e+00 -1.0382455e+01  9.2700000e-04]
  [-3.9400000e-04  9.2700000e-04 -1.6076296e+01]]

 [[-2.1021419e+01 -7.4912190e+00 -4.3000000e-05]
  [-7.4912190e+00 -1.0382361e+01 -1.1590000e-03]
  [-4.3000000e-05 -1.1590000e-03 -1.6075062e+01]]

 [[ 7.5366440e+00  1.8662790e+00  3.2100000e-04]
  [ 1.8662790e+00  5.7535610e+00  1.4200000e-04]
  [ 3.2100000e-04  1.4200000e-04  3.8519180e+00]]

 [[ 7.5367950e+00 -1.8662570e+00  3.7000000e-04]
  [-1.8662570e+00  5.7528200e+00 -2.6700000e-04]
  [ 3.7000000e-04 -2.6700000e-04  3.8514240e+00]]

 [[-6.9388750e+00 -5.7216400e-01  8.4700000e-04]
  [-5.7216400e-01 -2.1829868e+01  1.0000000e-05]
  [ 8.4700000e-04  1.0000000e-05 -1.6298675e+01]]

 [[-1.0479809e+01  1.2800000e-03  1.3360000e-03]
  [ 1.2800000e-03 -3.7135942e+01  3.1500000e-04]
  [ 1.3360000e-03  3.1500000e-04 -2.6225135e+01]]

 [[-6.9386530e+00  5.7336200e-01  7.0300000e-04]
  [ 5.7336200e-01 -2.1827825e+01  2.8400000e-04]
  [ 7.0300000e-04  2.8400000e-04 -1.6297610e+01]]]