====================Carbon====================
[[[-7.7709930e+00 -5.5576400e-01 -0.0000000e+00]
  [-5.5576400e-01 -8.5599480e+00  0.0000000e+00]
  [-0.0000000e+00  0.0000000e+00 -1.6993651e+01]]

 [[ 1.7506380e+00 -5.7045800e-01  2.0000000e-06]
  [-5.7045800e-01  1.8984090e+00 -1.0000000e-06]
  [ 2.0000000e-06 -1.0000000e-06  3.8499703e+01]]

 [[-7.5631770e+00  3.5277300e-01  1.0000000e-06]
  [ 3.5277300e-01 -8.7280470e+00  1.0000000e-06]
  [ 1.0000000e-06  1.0000000e-06 -1.6944869e+01]]

 [[ 1.9748000e+00  5.5202900e-01 -8.0000000e-06]
  [ 5.5202900e-01  1.6561530e+00 -1.6000000e-05]
  [-8.0000000e-06 -1.6000000e-05  3.8431939e+01]]

 [[-1.4448800e+00 -3.8616100e-01  2.0000000e-06]
  [-3.8616100e-01 -1.3113790e+00  2.0000000e-06]
  [ 2.0000000e-06  2.0000000e-06  2.7755742e+01]]

 [[-1.2994290e+00  3.8176200e-01 -4.0000000e-06]
  [ 3.8176200e-01 -1.4856840e+00 -8.0000000e-06]
  [-4.0000000e-06 -8.0000000e-06  2.7695370e+01]]

 [[-9.5305330e+00 -2.8913400e-01 -1.0000000e-06]
  [-2.8913400e-01 -8.6466890e+00 -2.0000000e-06]
  [-1.0000000e-06 -2.0000000e-06 -2.1155804e+01]]

 [[-9.3630370e+00  4.4021100e-01  1.0000000e-06]
  [ 4.4021100e-01 -8.7830570e+00  2.0000000e-06]
  [ 1.0000000e-06  2.0000000e-06 -2.1111975e+01]]

 [[-2.2214199e+01 -1.3256130e+00 -1.0000000e-06]
  [-1.3256130e+00 -2.4148824e+01 -1.0000000e-06]
  [-1.0000000e-06 -1.0000000e-06 -4.1595836e+01]]

 [[ 2.7639940e+00 -8.4193000e-02  7.0000000e-06]
  [-8.4193000e-02  2.4941980e+00  2.0000000e-06]
  [ 7.0000000e-06  2.0000000e-06  3.8388730e+01]]

 [[-2.1758550e+01  8.2844000e-01  1.0000000e-06]
  [ 8.2844000e-01 -2.4590248e+01 -2.0000000e-06]
  [ 1.0000000e-06 -2.0000000e-06 -4.1562474e+01]]

 [[ 2.7791530e+00  2.3543000e-02 -2.0000000e-06]
  [ 2.3543000e-02  2.4639590e+00  4.0000000e-06]
  [-2.0000000e-06  4.0000000e-06  3.8316918e+01]]

 [[ 4.7452920e+00  6.0062000e-02  1.7000000e-05]
  [ 6.0062000e-02  5.3170970e+00  1.1000000e-05]
  [ 1.7000000e-05  1.1000000e-05  1.3762073e+02]]]
===================Hydrogen===================
[[[ 3.7994070e+00 -6.4629000e-01  0.0000000e+00]
  [-6.4629000e-01  2.7456530e+00  0.0000000e+00]
  [ 0.0000000e+00  0.0000000e+00  5.3250600e-01]]

 [[ 3.9984540e+00  3.8306300e-01  0.0000000e+00]
  [ 3.8306300e-01  2.5258570e+00  0.0000000e+00]
  [ 0.0000000e+00  0.0000000e+00  5.2407600e-01]]

 [[-1.2608358e+01 -7.0298080e+00 -0.0000000e+00]
  [-7.0298080e+00 -1.0052885e+01  0.0000000e+00]
  [-0.0000000e+00  0.0000000e+00 -1.2020116e+01]]

 [[-9.6794040e+00  6.9462840e+00  4.0000000e-06]
  [ 6.9462840e+00 -1.2938520e+01  3.0000000e-06]
  [ 4.0000000e-06  3.0000000e-06 -1.1998720e+01]]

 [[ 3.3733840e+00 -9.0147800e-01 -0.0000000e+00]
  [-9.0147800e-01  4.7705630e+00 -0.0000000e+00]
  [-0.0000000e+00 -0.0000000e+00  1.6635780e+00]]

 [[ 3.7823080e+00  1.1029350e+00 -1.0000000e-06]
  [ 1.1029350e+00  4.3402120e+00 -0.0000000e+00]
  [-1.0000000e-06 -0.0000000e+00  1.6555030e+00]]

 [[-1.2934037e+01  4.6006000e+00  0.0000000e+00]
  [ 4.6006000e+00 -7.6568520e+00 -0.0000000e+00]
  [ 0.0000000e+00 -0.0000000e+00 -1.2825795e+01]]

 [[-1.4518906e+01 -3.1683530e+00 -1.0000000e-06]
  [-3.1683530e+00 -6.0365410e+00  2.0000000e-06]
  [-1.0000000e-06  2.0000000e-06 -1.2806723e+01]]

 [[-6.1273407e+01  4.6837240e+00  3.0000000e-06]
  [ 4.6837240e+00 -1.6226709e+01 -2.0000000e-06]
  [ 3.0000000e-06 -2.0000000e-06 -4.0887147e+01]]]