====================Carbon====================
[[[-3.8354840e+00  1.3316600e-01 -3.0000000e-06]
  [ 1.3316600e-01 -3.6871380e+00 -2.0000000e-06]
  [-3.0000000e-06 -2.0000000e-06 -3.8053380e+00]]

 [[-5.3822100e-01  1.7646700e-01 -4.0000000e-06]
  [ 1.7646700e-01 -6.7264300e-01  4.0000000e-06]
  [-4.0000000e-06  4.0000000e-06  1.3010859e+01]]

 [[ 3.4380000e-01  7.8036000e-02 -9.0000000e-06]
  [ 7.8036000e-02  3.5545000e-02  0.0000000e+00]
  [-9.0000000e-06  0.0000000e+00  1.4883144e+01]]

 [[-2.7518130e+00  2.1989200e-01  8.0000000e-06]
  [ 2.1989200e-01 -3.2303110e+00  6.0000000e-06]
  [ 8.0000000e-06  6.0000000e-06 -7.6887300e-01]]

 [[-9.9912910e+00  4.5768600e-01  1.0000000e-06]
  [ 4.5768600e-01 -1.1249431e+01 -1.0000000e-06]
  [ 1.0000000e-06 -1.0000000e-06 -1.5853966e+01]]

 [[-3.9781590e+00  3.6017000e-01 -2.0000000e-06]
  [ 3.6017000e-01 -4.4165240e+00 -8.0000000e-06]
  [-2.0000000e-06 -8.0000000e-06  4.4245690e+00]]

 [[ 2.5809280e+00 -1.7993000e-02 -2.7000000e-05]
  [-1.7993000e-02  2.8041920e+00  1.9000000e-05]
  [-2.7000000e-05  1.9000000e-05  6.6116324e+01]]

 [[ 1.4733750e+00 -9.2940000e-03  2.0000000e-06]
  [-9.2940000e-03  1.1890620e+00 -1.2000000e-05]
  [ 2.0000000e-06 -1.2000000e-05  3.4739011e+01]]

 [[-1.5469270e+01 -3.8470000e-01  0.0000000e+00]
  [-3.8470000e-01 -1.7149031e+01 -3.0000000e-06]
  [ 0.0000000e+00 -3.0000000e-06 -3.0926961e+01]]

 [[-7.7703990e+00 -3.2142700e-01 -6.0000000e-06]
  [-3.2142700e-01 -8.7229590e+00 -0.0000000e+00]
  [-6.0000000e-06 -0.0000000e+00 -1.7623333e+01]]

 [[ 3.0570300e+00 -5.7505000e-02  1.9000000e-05]
  [-5.7505000e-02  2.8883970e+00  6.0000000e-06]
  [ 1.9000000e-05  6.0000000e-06  4.0375438e+01]]

 [[ 1.3929350e+00 -1.2871600e-01  1.2000000e-05]
  [-1.2871600e-01  1.2693910e+00  9.0000000e-06]
  [ 1.2000000e-05  9.0000000e-06  3.4737294e+01]]

 [[-1.5639204e+01 -6.3689900e-01  2.0000000e-06]
  [-6.3689900e-01 -1.6982047e+01  1.0000000e-06]
  [ 2.0000000e-06  1.0000000e-06 -3.0928614e+01]]

 [[-4.4478200e+00 -3.3731300e-01 -1.0000000e-06]
  [-3.3731300e-01 -3.9424280e+00 -8.0000000e-06]
  [-1.0000000e-06 -8.0000000e-06  4.4262640e+00]]

 [[-3.1036720e+00 -3.0385200e-01 -1.0000000e-06]
  [-3.0385200e-01 -2.8733610e+00 -2.0000000e-06]
  [-1.0000000e-06 -2.0000000e-06 -7.6633400e-01]]

 [[ 2.6677220e+00  1.1083500e-01 -2.3000000e-05]
  [ 1.1083500e-01  2.7176680e+00  1.0000000e-06]
  [-2.3000000e-05  1.0000000e-06  6.6102342e+01]]

 [[-1.0813108e+01 -7.5498300e-01 -4.0000000e-06]
  [-7.5498300e-01 -1.0432482e+01  0.0000000e+00]
  [-4.0000000e-06  0.0000000e+00 -1.5854694e+01]]

 [[-7.4385700e-01 -1.2810600e-01  2.0000000e-06]
  [-1.2810600e-01 -4.6658500e-01  4.0000000e-06]
  [ 2.0000000e-06  4.0000000e-06  1.3003643e+01]]

 [[ 1.7619900e-01 -1.7185900e-01  6.0000000e-06]
  [-1.7185900e-01  2.0585000e-01 -4.0000000e-06]
  [ 6.0000000e-06 -4.0000000e-06  1.4882055e+01]]

 [[-3.9119550e+00  1.9317000e-02  1.0000000e-06]
  [ 1.9317000e-02 -3.6093820e+00 -0.0000000e+00]
  [ 1.0000000e-06 -0.0000000e+00 -3.8048670e+00]]]
===================Hydrogen===================
[[[ 9.7013300e-01  1.0277500e-01  0.0000000e+00]
  [ 1.0277500e-01 -5.7123900e-01 -4.0000000e-06]
  [ 0.0000000e+00 -4.0000000e-06 -9.9226800e-01]]

 [[-4.0439280e+00  2.9035810e+00  1.0000000e-06]
  [ 2.9035810e+00 -4.2954120e+00 -1.0000000e-06]
  [ 1.0000000e-06 -1.0000000e-06 -4.8699130e+00]]

 [[-5.4460990e+00 -1.7926740e+00  1.0000000e-06]
  [-1.7926740e+00 -2.8193610e+00  2.0000000e-06]
  [ 1.0000000e-06  2.0000000e-06 -5.6969980e+00]]

 [[-7.5149600e-01 -1.5440000e-03 -1.0000000e-06]
  [-1.5440000e-03  2.0029400e-01  2.0000000e-06]
  [-1.0000000e-06  2.0000000e-06 -1.9456120e+00]]

 [[-2.9531940e+01 -4.6524000e-01 -0.0000000e+00]
  [-4.6524000e-01 -7.6643210e+00  3.0000000e-06]
  [-0.0000000e+00  3.0000000e-06 -2.0160693e+01]]

 [[ 4.4389850e+00 -5.1549800e-01 -1.0000000e-06]
  [-5.1549800e-01  2.9144480e+00 -0.0000000e+00]
  [-1.0000000e-06 -0.0000000e+00  9.4506000e-01]]

 [[-1.5460633e+01  3.1060440e+00  2.0000000e-06]
  [ 3.1060440e+00 -6.2656430e+00 -1.2000000e-05]
  [ 2.0000000e-06 -1.2000000e-05 -1.3333628e+01]]

 [[-4.5137000e-01  4.4200000e-01  2.0000000e-06]
  [ 4.4200000e-01 -9.9811000e-02  1.0000000e-06]
  [ 2.0000000e-06  1.0000000e-06 -1.9453660e+00]]

 [[-2.2235528e+01  1.0316570e+01 -6.0000000e-06]
  [ 1.0316570e+01 -1.4948351e+01 -4.0000000e-06]
  [-6.0000000e-06 -4.0000000e-06 -2.0152947e+01]]

 [[-6.8139530e+00 -1.1981430e+00 -2.0000000e-06]
  [-1.1981430e+00 -1.5215050e+00 -0.0000000e+00]
  [-2.0000000e-06 -0.0000000e+00 -4.8680870e+00]]

 [[-2.9548090e+00  1.8862010e+00 -2.0000000e-06]
  [ 1.8862010e+00 -5.3065820e+00 -1.0000000e-06]
  [-2.0000000e-06 -1.0000000e-06 -5.6943490e+00]]

 [[ 3.9043300e-01 -7.5333800e-01 -1.0000000e-06]
  [-7.5333800e-01  8.0100000e-03 -0.0000000e+00]
  [-1.0000000e-06 -0.0000000e+00 -9.9231400e-01]]]