====================Carbon====================
[[[-1.75592600e+00 -3.15000000e-04 -3.00000000e-06]
  [-3.15000000e-04 -2.72851300e+00 -5.00000000e-06]
  [-3.00000000e-06 -5.00000000e-06  1.78864370e+01]]

 [[ 3.62975400e+00 -7.15150000e-01 -0.00000000e+00]
  [-7.15150000e-01  4.50119300e+00  1.10000000e-05]
  [-0.00000000e+00  1.10000000e-05  1.15390089e+02]]

 [[-4.50242000e+00 -7.53930000e-02 -1.00000000e-06]
  [-7.53930000e-02 -4.82244200e+00  3.00000000e-06]
  [-1.00000000e-06  3.00000000e-06  7.37396100e+00]]

 [[-1.46691600e+01  3.36747000e-01 -1.00000000e-06]
  [ 3.36747000e-01 -1.70525190e+01 -4.00000000e-06]
  [-1.00000000e-06 -4.00000000e-06 -1.66195480e+01]]

 [[-2.60930060e+01 -9.47300000e-02 -1.00000000e-06]
  [-9.47300000e-02 -2.45627220e+01 -4.00000000e-06]
  [-1.00000000e-06 -4.00000000e-06 -5.76806880e+01]]

 [[-4.52040500e+00  1.11805000e-01  1.00000000e-06]
  [ 1.11805000e-01 -4.79405100e+00 -1.00000000e-06]
  [ 1.00000000e-06 -1.00000000e-06  7.40404200e+00]]

 [[-1.46111220e+01 -3.60080000e-02  0.00000000e+00]
  [-3.60080000e-02 -1.70854080e+01 -4.00000000e-06]
  [ 0.00000000e+00 -4.00000000e-06 -1.65748720e+01]]

 [[ 3.45072700e+00  5.87071000e-01  1.40000000e-05]
  [ 5.87071000e-01  4.64874800e+00  2.00000000e-05]
  [ 1.40000000e-05  2.00000000e-05  1.15254155e+02]]

 [[-1.77619600e+00  1.19056000e-01 -2.00000000e-06]
  [ 1.19056000e-01 -2.71893500e+00 -4.00000000e-06]
  [-2.00000000e-06 -4.00000000e-06  1.78588950e+01]]]
===================Hydrogen===================
[[[-8.5051910e+00  1.0431700e-01  1.0000000e-06]
  [ 1.0431700e-01 -2.3095300e+00  2.0000000e-06]
  [ 1.0000000e-06  2.0000000e-06 -8.4277370e+00]]

 [[-4.7516848e+01 -1.4924440e+01  3.0000000e-06]
  [-1.4924440e+01 -1.9763036e+01 -3.0000000e-06]
  [ 3.0000000e-06 -3.0000000e-06 -3.5565415e+01]]

 [[-1.0118580e+00  2.3717430e+00 -0.0000000e+00]
  [ 2.3717430e+00 -6.0389010e+00  0.0000000e+00]
  [-0.0000000e+00  0.0000000e+00 -5.3240170e+00]]

 [[ 8.0846230e+00 -2.8588200e-01 -0.0000000e+00]
  [-2.8588200e-01  1.2707341e+01 -1.0000000e-06]
  [-0.0000000e+00 -1.0000000e-06  4.8805290e+00]]

 [[-5.1291100e-01 -1.6892910e+00  1.0000000e-06]
  [-1.6892910e+00 -6.5515700e+00  1.0000000e-06]
  [ 1.0000000e-06  1.0000000e-06 -5.3297790e+00]]

 [[-5.0677325e+01  1.1085982e+01  0.0000000e+00]
  [ 1.1085982e+01 -1.6525147e+01 -4.0000000e-06]
  [ 0.0000000e+00 -4.0000000e-06 -3.5528642e+01]]

 [[-8.3784010e+00 -8.5910900e-01 -0.0000000e+00]
  [-8.5910900e-01 -2.4242020e+00  0.0000000e+00]
  [-0.0000000e+00  0.0000000e+00 -8.4201700e+00]]]