====================Carbon====================
[[[-3.6858360e+00 -1.2000000e-05  2.3000000e-05]
  [-1.2000000e-05 -3.2226100e+00  1.9000000e-05]
  [ 2.3000000e-05  1.9000000e-05 -8.8682240e+00]]

 [[ 1.2102440e+00 -7.7937000e-02 -3.5000000e-05]
  [-7.7937000e-02  1.2901630e+00 -3.9000000e-05]
  [-3.5000000e-05 -3.9000000e-05  1.5065801e+01]]

 [[ 1.2101740e+00  7.7945000e-02 -3.7000000e-05]
  [ 7.7945000e-02  1.2901200e+00 -1.3000000e-05]
  [-3.7000000e-05 -1.3000000e-05  1.5065716e+01]]

 [[ 1.7360890e+00  3.9102000e-02  1.1000000e-05]
  [ 3.9102000e-02  1.7099460e+00  3.1000000e-05]
  [ 1.1000000e-05  3.1000000e-05  9.2642020e+00]]

 [[-4.6613160e+00 -9.4512000e-02 -2.0000000e-05]
  [-9.4512000e-02 -4.9668760e+00 -5.0000000e-06]
  [-2.0000000e-05 -5.0000000e-06 -9.9291460e+00]]

 [[-4.6614420e+00  9.4537000e-02 -4.5000000e-05]
  [ 9.4537000e-02 -4.9669060e+00 -3.7000000e-05]
  [-4.5000000e-05 -3.7000000e-05 -9.9291770e+00]]

 [[ 1.3209790e+00 -1.7539000e-02 -9.8000000e-05]
  [-1.7539000e-02  1.2904120e+00  1.5400000e-04]
  [-9.8000000e-05  1.5400000e-04  1.8996906e+01]]

 [[ 1.3214010e+00  1.7501000e-02  1.8000000e-05]
  [ 1.7501000e-02  1.2907890e+00 -3.5000000e-05]
  [ 1.8000000e-05 -3.5000000e-05  1.8997578e+01]]

 [[-5.2623790e+00  2.1265800e-01 -2.5000000e-05]
  [ 2.1265800e-01 -5.5069790e+00  2.3000000e-05]
  [-2.5000000e-05  2.3000000e-05 -1.0960704e+01]]

 [[-5.2624750e+00 -2.1243800e-01 -2.3000000e-05]
  [-2.1243800e-01 -5.5068130e+00 -3.9000000e-05]
  [-2.3000000e-05 -3.9000000e-05 -1.0960836e+01]]

 [[-5.1577150e+00 -1.9284100e-01 -2.7000000e-05]
  [-1.9284100e-01 -5.4199300e+00 -6.0000000e-06]
  [-2.7000000e-05 -6.0000000e-06 -1.0745423e+01]]

 [[-5.1579330e+00  1.9285800e-01 -3.7000000e-05]
  [ 1.9285800e-01 -5.4208450e+00 -1.9000000e-05]
  [-3.7000000e-05 -1.9000000e-05 -1.0746212e+01]]

 [[ 1.2841930e+00 -4.4530000e-03 -4.5000000e-05]
  [-4.4530000e-03  1.3291520e+00  8.0000000e-06]
  [-4.5000000e-05  8.0000000e-06  1.9000135e+01]]

 [[ 1.2838710e+00  4.4240000e-03 -5.3000000e-05]
  [ 4.4240000e-03  1.3290190e+00 -8.8000000e-05]
  [-5.3000000e-05 -8.8000000e-05  1.9000336e+01]]

 [[-5.1889830e+00  2.1013400e-01  7.0000000e-06]
  [ 2.1013400e-01 -5.3911030e+00  8.5000000e-05]
  [ 7.0000000e-06  8.5000000e-05 -1.0747314e+01]]

 [[-5.1889120e+00 -2.1029000e-01  9.0000000e-06]
  [-2.1029000e-01 -5.3913410e+00 -7.1000000e-05]
  [ 9.0000000e-06 -7.1000000e-05 -1.0747449e+01]]

 [[ 1.3133510e+00  2.2081000e-02  2.5000000e-05]
  [ 2.2081000e-02  1.2979360e+00 -1.3300000e-04]
  [ 2.5000000e-05 -1.3300000e-04  1.8999118e+01]]

 [[ 1.3132690e+00 -2.2072000e-02  8.5000000e-05]
  [-2.2072000e-02  1.2980270e+00  8.9000000e-05]
  [ 8.5000000e-05  8.9000000e-05  1.8998872e+01]]

 [[-2.6137120e+00  1.3482000e-02 -5.3000000e-05]
  [ 1.3482000e-02 -2.6467690e+00 -1.1200000e-04]
  [-5.3000000e-05 -1.1200000e-04 -6.9760510e+00]]

 [[ 1.2541580e+00  1.1819000e-02  1.5000000e-05]
  [ 1.1819000e-02  1.2446300e+00 -8.2000000e-05]
  [ 1.5000000e-05 -8.2000000e-05  1.8401423e+01]]

 [[ 1.2542340e+00 -1.1674000e-02  4.7000000e-05]
  [-1.1674000e-02  1.2445690e+00  1.1400000e-04]
  [ 4.7000000e-05  1.1400000e-04  1.8401081e+01]]

 [[-3.3374100e+00  2.0028900e-01 -2.8000000e-05]
  [ 2.0028900e-01 -3.5688720e+00 -1.9000000e-05]
  [-2.8000000e-05 -1.9000000e-05 -8.8660600e+00]]

 [[-3.3373890e+00 -2.0031400e-01 -2.5000000e-05]
  [-2.0031400e-01 -3.5688820e+00 -3.2000000e-05]
  [-2.5000000e-05 -3.2000000e-05 -8.8660080e+00]]

 [[ 1.3382960e+00 -4.3370000e-03  5.1000000e-05]
  [-4.3370000e-03  1.1629480e+00  3.4000000e-05]
  [ 5.1000000e-05  3.4000000e-05  1.5064507e+01]]

 [[ 1.3382960e+00  4.3650000e-03  3.8000000e-05]
  [ 4.3650000e-03  1.1629980e+00  9.5000000e-05]
  [ 3.8000000e-05  9.5000000e-05  1.5064437e+01]]

 [[-4.9743010e+00 -8.5047000e-02 -1.4000000e-05]
  [-8.5047000e-02 -4.6572420e+00 -4.8000000e-05]
  [-1.4000000e-05 -4.8000000e-05 -9.9311810e+00]]

 [[-4.9743590e+00  8.5084000e-02 -9.0000000e-06]
  [ 8.5084000e-02 -4.6573590e+00  2.1000000e-05]
  [-9.0000000e-06  2.1000000e-05 -9.9313000e+00]]

 [[ 1.2026190e+00 -7.3594000e-02  1.1800000e-04]
  [-7.3594000e-02  1.2975200e+00  7.9000000e-05]
  [ 1.1800000e-04  7.9000000e-05  1.5063043e+01]]

 [[ 1.2025100e+00  7.3672000e-02  6.3000000e-05]
  [ 7.3672000e-02  1.2975200e+00  5.8000000e-05]
  [ 6.3000000e-05  5.8000000e-05  1.5062965e+01]]

 [[ 1.6828040e+00  8.4090000e-03 -1.6000000e-05]
  [ 8.4090000e-03  1.7632320e+00 -4.9000000e-05]
  [-1.6000000e-05 -4.9000000e-05  9.2662100e+00]]

 [[ 1.7366180e+00 -3.9334000e-02  7.0000000e-06]
  [-3.9334000e-02  1.7109170e+00  6.9000000e-05]
  [ 7.0000000e-06  6.9000000e-05  9.2651740e+00]]

 [[-2.6502870e+00 -7.6820000e-03 -3.7000000e-05]
  [-7.6820000e-03 -2.6104390e+00 -1.0000000e-04]
  [-3.7000000e-05 -1.0000000e-04 -6.9762870e+00]]

 [[ 1.5149070e+00 -1.8731000e-02 -5.2000000e-05]
  [-1.8731000e-02  1.4930690e+00 -1.2400000e-04]
  [-5.2000000e-05 -1.2400000e-04  6.7175800e+00]]

 [[-1.9852590e+00 -9.6000000e-05 -1.5000000e-05]
  [-9.6000000e-05 -1.9849920e+00 -1.0000000e-05]
  [-1.5000000e-05 -1.0000000e-05 -5.9576260e+00]]

 [[-2.6138070e+00 -1.3272000e-02 -8.5000000e-05]
  [-1.3272000e-02 -2.6477570e+00  1.6000000e-04]
  [-8.5000000e-05  1.6000000e-04 -6.9760770e+00]]

 [[ 1.7512400e+00  3.0948000e-02  3.6000000e-05]
  [ 3.0948000e-02  1.6959660e+00 -2.7000000e-05]
  [ 3.6000000e-05 -2.7000000e-05  9.2667820e+00]]

 [[ 1.7515450e+00 -3.0692000e-02  8.2000000e-05]
  [-3.0692000e-02  1.6960380e+00  2.1000000e-05]
  [ 8.2000000e-05  2.1000000e-05  9.2667150e+00]]

 [[-2.6280860e+00 -2.1268000e-02  1.3500000e-04]
  [-2.1268000e-02 -2.6338480e+00  1.3000000e-05]
  [ 1.3500000e-04  1.3000000e-05 -6.9768230e+00]]

 [[-2.6512760e+00  7.8510000e-03 -4.0000000e-05]
  [ 7.8510000e-03 -2.6110500e+00  1.3500000e-04]
  [-4.0000000e-05  1.3500000e-04 -6.9769730e+00]]

 [[-2.6284550e+00  2.1220000e-02  1.0000000e-04]
  [ 2.1220000e-02 -2.6347420e+00  1.4000000e-05]
  [ 1.0000000e-04  1.4000000e-05 -6.9776320e+00]]

 [[ 1.6833640e+00 -8.4320000e-03 -6.3000000e-05]
  [-8.4320000e-03  1.7641590e+00  4.0000000e-06]
  [-6.3000000e-05  4.0000000e-06  9.2672570e+00]]

 [[ 1.6917200e+00  1.6956000e-02 -3.2000000e-05]
  [ 1.6956000e-02  1.7108150e+00 -5.5000000e-05]
  [-3.2000000e-05 -5.5000000e-05  9.4324700e+00]]

 [[-4.8104900e+00  1.7966800e-01  2.4000000e-05]
  [ 1.7966800e-01 -4.8209920e+00  6.9000000e-05]
  [ 2.4000000e-05  6.9000000e-05 -9.9316010e+00]]

 [[-4.8105450e+00 -1.7969500e-01  2.5000000e-05]
  [-1.7969500e-01 -4.8210500e+00 -3.9000000e-05]
  [ 2.5000000e-05 -3.9000000e-05 -9.9316800e+00]]

 [[ 1.6917810e+00 -1.6838000e-02 -8.0000000e-05]
  [-1.6838000e-02  1.7106370e+00  5.5000000e-05]
  [-8.0000000e-05  5.5000000e-05  9.4329100e+00]]

 [[ 1.7205870e+00 -2.5000000e-05  6.5000000e-05]
  [-2.5000000e-05  1.6819880e+00 -5.7000000e-05]
  [ 6.5000000e-05 -5.7000000e-05  9.4340060e+00]]

 [[ 1.5153250e+00  1.8813000e-02 -5.5000000e-05]
  [ 1.8813000e-02  1.4936070e+00  3.7000000e-05]
  [-5.5000000e-05  3.7000000e-05  6.7182390e+00]]

 [[ 1.4831480e+00  1.4500000e-04  7.2000000e-05]
  [ 1.4500000e-04  1.5262180e+00 -5.0000000e-05]
  [ 7.2000000e-05 -5.0000000e-05  6.7185340e+00]]

 [[-2.9111110e+00  5.8212000e-02 -2.6000000e-05]
  [ 5.8212000e-02 -2.9779500e+00 -4.5000000e-05]
  [-2.6000000e-05 -4.5000000e-05 -7.5573410e+00]]

 [[-5.6326310e+00 -2.1000000e-05  7.6000000e-05]
  [-2.1000000e-05 -5.1410700e+00  7.0000000e-06]
  [ 7.6000000e-05  7.0000000e-06 -1.0963437e+01]]

 [[ 1.8343770e+00 -7.1570000e-02  6.2000000e-05]
  [-7.1570000e-02  1.7514570e+00  5.0000000e-05]
  [ 6.2000000e-05  5.0000000e-05  9.4413550e+00]]

 [[-2.9122600e+00 -5.8160000e-02 -3.1000000e-05]
  [-5.8160000e-02 -2.9791170e+00  3.6000000e-05]
  [-3.1000000e-05  3.6000000e-05 -7.5585580e+00]]

 [[-3.0129850e+00  5.5000000e-05  0.0000000e+00]
  [ 5.5000000e-05 -2.8784780e+00  1.7000000e-05]
  [ 0.0000000e+00  1.7000000e-05 -7.5589580e+00]]

 [[ 1.8348560e+00  7.1570000e-02  4.9000000e-05]
  [ 7.1570000e-02  1.7519490e+00  7.0000000e-06]
  [ 4.9000000e-05  7.0000000e-06  9.4419230e+00]]

 [[ 1.7101470e+00 -1.2000000e-05 -6.1000000e-05]
  [-1.2000000e-05  1.8751370e+00 -1.1000000e-05]
  [-6.1000000e-05 -1.1000000e-05  9.4438360e+00]]

 [[ 1.2365630e+00 -1.9150000e-03 -7.4000000e-05]
  [-1.9150000e-03  1.2613330e+00  1.4000000e-04]
  [-7.4000000e-05  1.4000000e-04  1.8401453e+01]]

 [[ 1.2364530e+00  1.9820000e-03 -9.4000000e-05]
  [ 1.9820000e-03  1.2613310e+00 -2.0300000e-04]
  [-9.4000000e-05 -2.0300000e-04  1.8401382e+01]]

 [[-5.5240740e+00  1.7293000e-02  7.0000000e-05]
  [ 1.7293000e-02 -5.0584540e+00  4.5000000e-05]
  [ 7.0000000e-05  4.5000000e-05 -1.0748617e+01]]

 [[-5.5246380e+00 -1.7425000e-02  4.9000000e-05]
  [-1.7425000e-02 -5.0583570e+00 -2.7000000e-05]
  [ 4.9000000e-05 -2.7000000e-05 -1.0749026e+01]]

 [[ 1.2564630e+00  9.7950000e-03  1.3700000e-04]
  [ 9.7950000e-03  1.2404810e+00 -4.5000000e-05]
  [ 1.3700000e-04 -4.5000000e-05  1.8396201e+01]]

 [[ 1.2562200e+00 -9.8270000e-03  1.2100000e-04]
  [-9.8270000e-03  1.2403690e+00  9.6000000e-05]
  [ 1.2100000e-04  9.6000000e-05  1.8395789e+01]]]
===================Hydrogen===================
[[[ 1.391940e+00  2.000000e-06  0.000000e+00]
  [ 2.000000e-06  2.471883e+00  5.000000e-06]
  [ 0.000000e+00  5.000000e-06  1.056153e+00]]

 [[-5.462569e+00  1.826055e+00 -8.000000e-06]
  [ 1.826055e+00 -2.799574e+00 -3.300000e-05]
  [-8.000000e-06 -3.300000e-05 -4.642937e+00]]

 [[-5.462630e+00 -1.826001e+00  1.700000e-05]
  [-1.826001e+00 -2.799670e+00  1.900000e-05]
  [ 1.700000e-05  1.900000e-05 -4.642959e+00]]

 [[-2.367225e+00  7.822000e-03  2.500000e-05]
  [ 7.822000e-03 -7.539650e+00  5.000000e-06]
  [ 2.500000e-05  5.000000e-06 -5.890808e+00]]

 [[-2.367143e+00 -7.903000e-03  7.000000e-06]
  [-7.903000e-03 -7.539633e+00 -9.000000e-06]
  [ 7.000000e-06 -9.000000e-06 -5.890883e+00]]

 [[-6.239471e+00  2.243575e+00  1.300000e-05]
  [ 2.243575e+00 -3.666952e+00  1.300000e-05]
  [ 1.300000e-05  1.300000e-05 -5.890420e+00]]

 [[-6.239336e+00 -2.243638e+00 -4.000000e-06]
  [-2.243638e+00 -3.666823e+00 -6.000000e-06]
  [-4.000000e-06 -6.000000e-06 -5.890432e+00]]

 [[-6.251897e+00 -2.235619e+00 -1.100000e-05]
  [-2.235619e+00 -3.652936e+00  6.000000e-06]
  [-1.100000e-05  6.000000e-06 -5.889526e+00]]

 [[-6.251787e+00  2.235576e+00 -3.500000e-05]
  [ 2.235576e+00 -3.652811e+00  0.000000e+00]
  [-3.500000e-05  0.000000e+00 -5.889494e+00]]

 [[-2.253876e+00 -5.953600e-02  3.000000e-06]
  [-5.953600e-02 -7.425173e+00 -1.100000e-05]
  [ 3.000000e-06 -1.100000e-05 -5.689313e+00]]

 [[-2.253473e+00  5.954600e-02 -1.400000e-05]
  [ 5.954600e-02 -7.424865e+00  1.700000e-05]
  [-1.400000e-05  1.700000e-05 -5.689014e+00]]

 [[ 2.200898e+00  4.674580e-01 -3.000000e-06]
  [ 4.674580e-01  1.661314e+00 -1.100000e-05]
  [-3.000000e-06 -1.100000e-05  1.055579e+00]]

 [[ 2.200877e+00 -4.674580e-01 -1.000000e-06]
  [-4.674580e-01  1.661291e+00  0.000000e+00]
  [-1.000000e-06  0.000000e+00  1.055541e+00]]

 [[-1.884692e+00 -2.407520e-01  1.300000e-05]
  [-2.407520e-01 -6.379030e+00  4.000000e-06]
  [ 1.300000e-05  4.000000e-06 -4.643930e+00]]

 [[-1.884716e+00  2.407370e-01 -3.000000e-06]
  [ 2.407370e-01 -6.379015e+00  1.600000e-05]
  [-3.000000e-06  1.600000e-05 -4.643937e+00]]

 [[-5.047952e+00  2.066327e+00 -0.000000e+00]
  [ 2.066327e+00 -3.216737e+00  7.000000e-06]
  [-0.000000e+00  7.000000e-06 -4.644398e+00]]

 [[-5.047928e+00 -2.066336e+00 -0.000000e+00]
  [-2.066336e+00 -3.216776e+00 -7.000000e-06]
  [-0.000000e+00 -7.000000e-06 -4.644413e+00]]

 [[-6.080511e+00  2.269075e+00 -1.600000e-05]
  [ 2.269075e+00 -3.597696e+00 -2.000000e-06]
  [-1.600000e-05 -2.000000e-06 -5.688845e+00]]

 [[-6.080422e+00 -2.269103e+00 -1.600000e-05]
  [-2.269103e+00 -3.597789e+00 -1.200000e-05]
  [-1.600000e-05 -1.200000e-05 -5.688836e+00]]

 [[-6.181143e+00  2.209224e+00 -7.000000e-06]
  [ 2.209224e+00 -3.494553e+00 -5.000000e-05]
  [-7.000000e-06 -5.000000e-05 -5.687378e+00]]

 [[-6.181028e+00 -2.209191e+00  1.100000e-05]
  [-2.209191e+00 -3.494215e+00  1.700000e-05]
  [ 1.100000e-05  1.700000e-05 -5.687222e+00]]]