====================Carbon====================
[[[-9.5100790e+00 -1.0000000e-06  7.0000000e-06]
  [-1.0000000e-06 -8.2616930e+00 -0.0000000e+00]
  [ 7.0000000e-06 -0.0000000e+00 -2.2529520e+01]]

 [[ 3.3391130e+00 -6.2270000e-03  1.0000000e-05]
  [-6.2270000e-03  2.8709920e+00  1.7000000e-05]
  [ 1.0000000e-05  1.7000000e-05  3.8769555e+01]]

 [[ 3.3390730e+00  6.2130000e-03  3.0000000e-06]
  [ 6.2130000e-03  2.8709630e+00 -3.0000000e-06]
  [ 3.0000000e-06 -3.0000000e-06  3.8769464e+01]]

 [[ 4.2262510e+00 -3.0000000e-06 -8.0000000e-06]
  [-3.0000000e-06  4.5483150e+00  0.0000000e+00]
  [-8.0000000e-06  0.0000000e+00  2.0444847e+01]]

 [[-1.1967563e+01  1.7871000e-01 -1.0000000e-06]
  [ 1.7871000e-01 -1.1133411e+01  3.0000000e-06]
  [-1.0000000e-06  3.0000000e-06 -2.3984062e+01]]

 [[-1.1967320e+01 -1.7871900e-01  0.0000000e+00]
  [-1.7871900e-01 -1.1133284e+01 -4.0000000e-06]
  [ 0.0000000e+00 -4.0000000e-06 -2.3983902e+01]]

 [[ 2.9840190e+00  1.0000000e-06 -3.0000000e-06]
  [ 1.0000000e-06  2.8648740e+00 -1.1000000e-05]
  [-3.0000000e-06 -1.1000000e-05  4.4260445e+01]]

 [[ 2.8926200e+00  5.1075000e-02 -2.9000000e-05]
  [ 5.1075000e-02  2.9512500e+00  1.2000000e-05]
  [-2.9000000e-05  1.2000000e-05  4.4247884e+01]]

 [[-8.5732190e+00 -5.4002300e-01  3.0000000e-06]
  [-5.4002300e-01 -9.1972400e+00 -6.0000000e-06]
  [ 3.0000000e-06 -6.0000000e-06 -2.2528735e+01]]

 [[-8.5731900e+00  5.4000600e-01 -0.0000000e+00]
  [ 5.4000600e-01 -9.1972120e+00  7.0000000e-06]
  [-0.0000000e+00  7.0000000e-06 -2.2528697e+01]]

 [[ 2.9921890e+00 -2.0554800e-01  1.0000000e-05]
  [-2.0554800e-01  3.2148990e+00 -1.0000000e-05]
  [ 1.0000000e-05 -1.0000000e-05  3.8765962e+01]]

 [[ 2.9921710e+00  2.0556600e-01  1.7000000e-05]
  [ 2.0556600e-01  3.2149160e+00 -1.0000000e-05]
  [ 1.7000000e-05 -1.0000000e-05  3.8765918e+01]]

 [[-1.1493409e+01  4.4999900e-01 -7.0000000e-06]
  [ 4.4999900e-01 -1.1599614e+01  7.0000000e-06]
  [-7.0000000e-06  7.0000000e-06 -2.3978517e+01]]

 [[-1.1493299e+01 -4.4996300e-01 -6.0000000e-06]
  [-4.4996300e-01 -1.1599524e+01 -8.0000000e-06]
  [-6.0000000e-06 -8.0000000e-06 -2.3978380e+01]]

 [[ 2.9807370e+00  1.9920600e-01 -1.1000000e-05]
  [ 1.9920600e-01  3.2251860e+00  6.0000000e-06]
  [-1.1000000e-05  6.0000000e-06  3.8765322e+01]]

 [[ 2.9807500e+00 -1.9920900e-01 -1.7000000e-05]
  [-1.9920900e-01  3.2251710e+00 -5.0000000e-06]
  [-1.7000000e-05 -5.0000000e-06  3.8765270e+01]]

 [[ 2.8925770e+00 -5.1085000e-02 -3.0000000e-05]
  [-5.1085000e-02  2.9512650e+00  1.2000000e-05]
  [-3.0000000e-05  1.2000000e-05  4.4247854e+01]]

 [[ 4.4700900e+00 -1.3971600e-01 -1.3000000e-05]
  [-1.3971600e-01  4.3082260e+00  1.0000000e-06]
  [-1.3000000e-05  1.0000000e-06  2.0450568e+01]]

 [[ 4.4701560e+00  1.3973500e-01 -7.0000000e-06]
  [ 1.3973500e-01  4.3082920e+00 -1.0000000e-06]
  [-7.0000000e-06 -1.0000000e-06  2.0450659e+01]]

 [[-6.3103820e+00 -1.0000000e-06  3.0000000e-06]
  [-1.0000000e-06 -6.3098980e+00  1.0000000e-06]
  [ 3.0000000e-06  1.0000000e-06 -1.7742870e+01]]

 [[-1.1183328e+01 -2.7125200e-01 -4.0000000e-06]
  [-2.7125200e-01 -1.1909036e+01  4.0000000e-06]
  [-4.0000000e-06  4.0000000e-06 -2.3978615e+01]]

 [[-1.1183360e+01  2.7122800e-01 -5.0000000e-06]
  [ 2.7122800e-01 -1.1908992e+01 -6.0000000e-06]
  [-5.0000000e-06 -6.0000000e-06 -2.3978613e+01]]]
===================Hydrogen===================
[[[ 3.4314900e+00 -2.0000000e-06  4.0000000e-06]
  [-2.0000000e-06  6.2614130e+00 -0.0000000e+00]
  [ 4.0000000e-06 -0.0000000e+00  2.7119970e+00]]

 [[-1.4041208e+01  4.8238200e+00 -6.0000000e-06]
  [ 4.8238200e+00 -7.2711400e+00 -1.3000000e-05]
  [-6.0000000e-06 -1.3000000e-05 -1.1782221e+01]]

 [[-1.4041266e+01 -4.8238170e+00 -7.0000000e-06]
  [-4.8238170e+00 -7.2712020e+00  1.7000000e-05]
  [-7.0000000e-06  1.7000000e-05 -1.1782304e+01]]

 [[-5.2602090e+00  4.0000000e-06  4.0000000e-06]
  [ 4.0000000e-06 -1.8093946e+01 -1.0000000e-06]
  [ 4.0000000e-06 -1.0000000e-06 -1.3462397e+01]]

 [[-1.4879813e+01  5.5562410e+00  0.0000000e+00]
  [ 5.5562410e+00 -8.4669340e+00  5.0000000e-06]
  [ 0.0000000e+00  5.0000000e-06 -1.3458242e+01]]

 [[ 5.5526400e+00  1.2252350e+00  4.0000000e-06]
  [ 1.2252350e+00  4.1383330e+00 -4.0000000e-06]
  [ 4.0000000e-06 -4.0000000e-06  2.7110140e+00]]

 [[ 5.5526150e+00 -1.2252450e+00  5.0000000e-06]
  [-1.2252450e+00  4.1383100e+00  4.0000000e-06]
  [ 5.0000000e-06  4.0000000e-06  2.7110050e+00]]

 [[-1.3141817e+01 -5.3428540e+00  3.0000000e-06]
  [-5.3428540e+00 -8.1722280e+00 -8.0000000e-06]
  [ 3.0000000e-06 -8.0000000e-06 -1.1783354e+01]]

 [[-1.3141825e+01  5.3428540e+00  4.0000000e-06]
  [ 5.3428540e+00 -8.1722430e+00  1.1000000e-05]
  [ 4.0000000e-06  1.1000000e-05 -1.1783372e+01]]

 [[-4.7876880e+00 -5.2086900e-01  9.0000000e-06]
  [-5.2086900e-01 -1.6527974e+01 -3.0000000e-06]
  [ 9.0000000e-06 -3.0000000e-06 -1.1784395e+01]]

 [[-4.7877350e+00  5.2086600e-01  1.0000000e-05]
  [ 5.2086600e-01 -1.6528023e+01  3.0000000e-06]
  [ 1.0000000e-05  3.0000000e-06 -1.1784462e+01]]

 [[-1.4879764e+01 -5.5562430e+00 -1.0000000e-06]
  [-5.5562430e+00 -8.4668810e+00 -3.0000000e-06]
  [-1.0000000e-06 -3.0000000e-06 -1.3458214e+01]]]