====================Carbon====================
[[[-1.7846673e+01 -7.0000000e-06 -1.0000000e-06]
  [-7.0000000e-06 -1.5746857e+01  3.0000000e-06]
  [-1.0000000e-06  3.0000000e-06 -4.1774869e+01]]

 [[ 7.2309070e+00 -1.3246700e-01  1.3000000e-05]
  [-1.3246700e-01  6.4704550e+00  2.4000000e-05]
  [ 1.3000000e-05  2.4000000e-05  7.1434120e+01]]

 [[ 7.2309250e+00  1.3246800e-01  3.0000000e-06]
  [ 1.3246800e-01  6.4705120e+00 -6.0000000e-06]
  [ 3.0000000e-06 -6.0000000e-06  7.1434152e+01]]

 [[-1.6268347e+01 -9.0885800e-01  1.0000000e-06]
  [-9.0885800e-01 -1.7318515e+01  4.0000000e-06]
  [ 1.0000000e-06  4.0000000e-06 -4.1767254e+01]]

 [[-1.6268261e+01  9.0884700e-01  1.0000000e-06]
  [ 9.0884700e-01 -1.7318402e+01  1.0000000e-06]
  [ 1.0000000e-06  1.0000000e-06 -4.1767153e+01]]

 [[ 6.7760600e+00  3.9547100e-01 -1.4000000e-05]
  [ 3.9547100e-01  6.9266080e+00  2.0000000e-06]
  [-1.4000000e-05  2.0000000e-06  7.1440906e+01]]

 [[ 6.7761730e+00 -3.9547500e-01 -1.0000000e-05]
  [-3.9547500e-01  6.9267120e+00  1.1000000e-05]
  [-1.0000000e-05  1.1000000e-05  7.1441016e+01]]

 [[-1.6619851e+01  5.8728000e-01  1.0000000e-06]
  [ 5.8728000e-01 -1.7298007e+01  1.0000000e-06]
  [ 1.0000000e-06  1.0000000e-06 -3.7805296e+01]]

 [[ 7.4508270e+00  1.1000000e-05 -1.0000000e-06]
  [ 1.1000000e-05  7.4508510e+00  0.0000000e+00]
  [-1.0000000e-06  0.0000000e+00  1.7205847e+01]]

 [[-1.6619700e+01 -5.8724900e-01 -0.0000000e+00]
  [-5.8724900e-01 -1.7297835e+01  0.0000000e+00]
  [-0.0000000e+00  0.0000000e+00 -3.7805152e+01]]

 [[-1.7634038e+01 -1.0000000e-05 -1.0000000e-06]
  [-1.0000000e-05 -1.6278106e+01 -0.0000000e+00]
  [-1.0000000e-06 -0.0000000e+00 -3.7800321e+01]]

 [[ 6.5467620e+00  2.6287200e-01 -1.3000000e-05]
  [ 2.6287200e-01  7.1564980e+00  0.0000000e+00]
  [-1.3000000e-05  0.0000000e+00  7.1443075e+01]]

 [[ 6.5467630e+00 -2.6286000e-01  1.8000000e-05]
  [-2.6286000e-01  7.1565340e+00 -1.7000000e-05]
  [ 1.8000000e-05 -1.7000000e-05  7.1443080e+01]]]
===================Hydrogen===================
[[[ 5.7816570e+00  6.0000000e-06 -1.0000000e-06]
  [ 6.0000000e-06  1.1382081e+01 -1.0000000e-06]
  [-1.0000000e-06 -1.0000000e-06  5.2986360e+00]]

 [[-2.5190965e+01 -8.7534920e+00 -1.0000000e-06]
  [-8.7534920e+00 -1.3626127e+01  2.0000000e-06]
  [-1.0000000e-06  2.0000000e-06 -2.1247155e+01]]

 [[-2.5190975e+01  8.7534840e+00 -5.0000000e-06]
  [ 8.7534840e+00 -1.3626145e+01 -4.0000000e-06]
  [-5.0000000e-06 -4.0000000e-06 -2.1247173e+01]]

 [[ 9.9781310e+00  2.4243000e+00  0.0000000e+00]
  [ 2.4243000e+00  7.1785210e+00  1.0000000e-06]
  [ 0.0000000e+00  1.0000000e-06  5.2949380e+00]]

 [[ 9.9781100e+00 -2.4243070e+00 -1.0000000e-06]
  [-2.4243070e+00  7.1785010e+00 -1.0000000e-06]
  [-1.0000000e-06 -1.0000000e-06  5.2949090e+00]]

 [[-8.9393840e+00  6.3056900e-01 -1.0000000e-05]
  [ 6.3056900e-01 -2.9881370e+01  2.0000000e-06]
  [-1.0000000e-05  2.0000000e-06 -2.1249111e+01]]

 [[-8.9394570e+00 -6.3057000e-01 -2.0000000e-06]
  [-6.3057000e-01 -2.9881430e+01 -2.0000000e-06]
  [-2.0000000e-06 -2.0000000e-06 -2.1249211e+01]]

 [[-2.4101153e+01 -9.3845100e+00 -4.0000000e-06]
  [-9.3845100e+00 -1.4721154e+01  1.4000000e-05]
  [-4.0000000e-06  1.4000000e-05 -2.1249323e+01]]

 [[-2.4101227e+01  9.3845010e+00 -1.0000000e-06]
  [ 9.3845010e+00 -1.4721231e+01  8.0000000e-06]
  [-1.0000000e-06  8.0000000e-06 -2.1249443e+01]]]