====================Carbon====================
[[[-6.2505360e+00  7.0000000e-06 -5.0000000e-06]
  [ 7.0000000e-06 -5.4598000e+00  7.0000000e-06]
  [-5.0000000e-06  7.0000000e-06 -1.5019846e+01]]

 [[ 2.2731830e+00  6.3570000e-03  1.2000000e-05]
  [ 6.3570000e-03  1.9706010e+00 -1.7000000e-05]
  [ 1.2000000e-05 -1.7000000e-05  2.5520369e+01]]

 [[ 2.2732880e+00 -6.4630000e-03  2.1000000e-05]
  [-6.4630000e-03  1.9705150e+00  2.2000000e-05]
  [ 2.1000000e-05  2.2000000e-05  2.5520218e+01]]

 [[ 2.9938180e+00  3.3000000e-05 -1.4000000e-05]
  [ 3.3000000e-05  2.8907550e+00  1.3000000e-05]
  [-1.4000000e-05  1.3000000e-05  1.4284767e+01]]

 [[-7.9122490e+00  1.5212700e-01 -5.0000000e-06]
  [ 1.5212700e-01 -8.4316360e+00 -9.0000000e-06]
  [-5.0000000e-06 -9.0000000e-06 -1.6817040e+01]]

 [[-7.9126790e+00 -1.5209900e-01  1.0000000e-06]
  [-1.5209900e-01 -8.4317670e+00  1.0000000e-05]
  [ 1.0000000e-06  1.0000000e-05 -1.6817201e+01]]

 [[ 2.1168300e+00  1.8349000e-02 -4.0000000e-05]
  [ 1.8349000e-02  2.0824000e+00  1.4000000e-05]
  [-4.0000000e-05  1.4000000e-05  3.1244128e+01]]

 [[ 2.1167520e+00 -1.8311000e-02 -2.9000000e-05]
  [-1.8311000e-02  2.0822740e+00  4.0000000e-06]
  [-2.9000000e-05  4.0000000e-06  3.1244055e+01]]

 [[-8.1722640e+00 -3.0100200e-01 -5.0000000e-06]
  [-3.0100200e-01 -8.1750610e+00 -9.0000000e-06]
  [-5.0000000e-06 -9.0000000e-06 -1.6819233e+01]]

 [[-8.1725320e+00  3.0091000e-01 -1.2000000e-05]
  [ 3.0091000e-01 -8.1753940e+00  6.0000000e-06]
  [-1.2000000e-05  6.0000000e-06 -1.6819454e+01]]

 [[-9.0593480e+00 -2.0000000e-06  2.8000000e-05]
  [-2.0000000e-06 -8.2883830e+00  1.0000000e-06]
  [ 2.8000000e-05  1.0000000e-06 -1.7708329e+01]]

 [[-8.4779810e+00  3.3325600e-01 -1.3000000e-05]
  [ 3.3325600e-01 -8.8627060e+00 -8.0000000e-06]
  [-1.3000000e-05 -8.0000000e-06 -1.7703745e+01]]

 [[ 2.0743970e+00  5.3720000e-03  4.9000000e-05]
  [ 5.3720000e-03  2.1225780e+00 -2.1000000e-05]
  [ 4.9000000e-05 -2.1000000e-05  3.1239689e+01]]

 [[ 2.0740640e+00 -5.3370000e-03  7.7000000e-05]
  [-5.3370000e-03  2.1222990e+00  3.8000000e-05]
  [ 7.7000000e-05  3.8000000e-05  3.1239380e+01]]

 [[-5.6562930e+00 -3.4203300e-01  1.3000000e-05]
  [-3.4203300e-01 -6.0515170e+00 -1.0000000e-06]
  [ 1.3000000e-05 -1.0000000e-06 -1.5017429e+01]]

 [[-5.6562700e+00  3.4199200e-01  1.8000000e-05]
  [ 3.4199200e-01 -6.0515190e+00  1.0000000e-06]
  [ 1.8000000e-05  1.0000000e-06 -1.5017407e+01]]

 [[ 2.0509090e+00 -1.3388600e-01  2.6000000e-05]
  [-1.3388600e-01  2.1911350e+00 -2.9000000e-05]
  [ 2.6000000e-05 -2.9000000e-05  2.5521336e+01]]

 [[ 2.0509340e+00  1.3400500e-01  4.8000000e-05]
  [ 1.3400500e-01  2.1911160e+00 -3.0000000e-06]
  [ 4.8000000e-05 -3.0000000e-06  2.5521235e+01]]

 [[ 2.0399340e+00 -1.2769100e-01 -6.1000000e-05]
  [-1.2769100e-01  2.2021320e+00  5.7000000e-05]
  [-6.1000000e-05  5.7000000e-05  2.5518030e+01]]

 [[ 2.0399890e+00  1.2767500e-01 -8.5000000e-05]
  [ 1.2767500e-01  2.2019350e+00 -4.8000000e-05]
  [-8.5000000e-05 -4.8000000e-05  2.5518078e+01]]

 [[ 2.9157410e+00  4.4438000e-02 -2.3000000e-05]
  [ 4.4438000e-02  2.9668590e+00 -3.9000000e-05]
  [-2.3000000e-05 -3.9000000e-05  1.4280709e+01]]

 [[ 2.9158720e+00 -4.4502000e-02 -5.0000000e-06]
  [-4.4502000e-02  2.9669180e+00  2.7000000e-05]
  [-5.0000000e-06  2.7000000e-05  1.4280856e+01]]

 [[-4.7069990e+00 -1.2000000e-05 -2.0000000e-06]
  [-1.2000000e-05 -4.5839820e+00  1.0000000e-06]
  [-2.0000000e-06  1.0000000e-06 -1.2373909e+01]]

 [[-8.4776510e+00 -3.3311600e-01 -1.9000000e-05]
  [-3.3311600e-01 -8.8627210e+00  1.0000000e-05]
  [-1.9000000e-05  1.0000000e-05 -1.7703567e+01]]

 [[ 2.8870450e+00  4.7000000e-05  1.1000000e-05]
  [ 4.7000000e-05  3.1619420e+00 -1.9000000e-05]
  [ 1.1000000e-05 -1.9000000e-05  1.6149977e+01]]

 [[-4.6149340e+00  5.3231000e-02 -9.0000000e-06]
  [ 5.3231000e-02 -4.6760570e+00 -9.0000000e-06]
  [-9.0000000e-06 -9.0000000e-06 -1.2374039e+01]]

 [[-4.6150450e+00 -5.3251000e-02 -9.0000000e-06]
  [-5.3251000e-02 -4.6761560e+00  7.0000000e-06]
  [-9.0000000e-06  7.0000000e-06 -1.2374156e+01]]

 [[ 3.0942770e+00 -1.1931900e-01 -1.3000000e-05]
  [-1.1931900e-01  2.9561710e+00 -5.0000000e-06]
  [-1.3000000e-05 -5.0000000e-06  1.6149813e+01]]

 [[ 3.0945750e+00  1.1928200e-01 -1.5000000e-05]
  [ 1.1928200e-01  2.9563680e+00 -4.0000000e-06]
  [-1.5000000e-05 -4.0000000e-06  1.6150092e+01]]

 [[ 2.1056720e+00 -2.3691000e-02 -6.8000000e-05]
  [-2.3691000e-02  2.0903750e+00  1.0000000e-06]
  [-6.8000000e-05  1.0000000e-06  3.1235943e+01]]

 [[ 2.1052350e+00  2.3718000e-02 -7.0000000e-05]
  [ 2.3718000e-02  2.0899180e+00  1.3000000e-05]
  [-7.0000000e-05  1.3000000e-05  3.1235473e+01]]

 [[-8.4368750e+00  1.4888600e-01  1.2000000e-05]
  [ 1.4888600e-01 -7.9129070e+00  1.0000000e-05]
  [ 1.2000000e-05  1.0000000e-05 -1.6820727e+01]]

 [[-8.4368270e+00 -1.4880800e-01  1.3000000e-05]
  [-1.4880800e-01 -7.9130710e+00 -1.7000000e-05]
  [ 1.3000000e-05 -1.7000000e-05 -1.6820705e+01]]]
===================Hydrogen===================
[[[ 2.3373920e+00  3.0000000e-06 -2.0000000e-06]
  [ 3.0000000e-06  4.1915660e+00  1.0000000e-06]
  [-2.0000000e-06  1.0000000e-06  1.8061830e+00]]

 [[-9.2586830e+00 -3.1092540e+00 -1.6000000e-05]
  [-3.1092540e+00 -4.7515970e+00  1.8000000e-05]
  [-1.6000000e-05  1.8000000e-05 -7.8368160e+00]]

 [[-9.2587790e+00  3.1092220e+00 -1.7000000e-05]
  [ 3.1092220e+00 -4.7517490e+00 -1.2000000e-05]
  [-1.7000000e-05 -1.2000000e-05 -7.8369140e+00]]

 [[-3.7764580e+00 -7.6043000e-02  2.7000000e-05]
  [-7.6043000e-02 -1.2661894e+01  2.0000000e-06]
  [ 2.7000000e-05  2.0000000e-06 -9.5896010e+00]]

 [[-3.7763880e+00  7.6085000e-02  2.0000000e-05]
  [ 7.6085000e-02 -1.2661868e+01 -4.0000000e-06]
  [ 2.0000000e-05 -4.0000000e-06 -9.5896480e+00]]

 [[-1.0372738e+01  3.8850080e+00  1.9000000e-05]
  [ 3.8850080e+00 -6.0625240e+00  2.0000000e-05]
  [ 1.9000000e-05  2.0000000e-05 -9.5878340e+00]]

 [[-1.0372696e+01 -3.8850460e+00  1.6000000e-05]
  [-3.8850460e+00 -6.0625030e+00 -1.0000000e-06]
  [ 1.6000000e-05 -1.0000000e-06 -9.5878850e+00]]

 [[ 3.7265850e+00  8.0269400e-01  1.5000000e-05]
  [ 8.0269400e-01  2.8000240e+00 -1.8000000e-05]
  [ 1.5000000e-05 -1.8000000e-05  1.8051570e+00]]

 [[ 3.7265590e+00 -8.0269700e-01  1.4000000e-05]
  [-8.0269700e-01  2.8000070e+00  1.8000000e-05]
  [ 1.4000000e-05  1.8000000e-05  1.8051530e+00]]

 [[-3.1867540e+00 -3.9786800e-01  4.1000000e-05]
  [-3.9786800e-01 -1.0825725e+01  2.0000000e-06]
  [ 4.1000000e-05  2.0000000e-06 -7.8382970e+00]]

 [[-3.1870010e+00  3.9785100e-01  4.4000000e-05]
  [ 3.9785100e-01 -1.0825865e+01 -3.0000000e-06]
  [ 4.4000000e-05 -3.0000000e-06 -7.8384030e+00]]

 [[-8.5727820e+00  3.5063340e+00  0.0000000e+00]
  [ 3.5063340e+00 -5.4408590e+00 -1.1000000e-05]
  [ 0.0000000e+00 -1.1000000e-05 -7.8387060e+00]]

 [[-8.5729130e+00 -3.5062990e+00 -1.0000000e-05]
  [-3.5062990e+00 -5.4410190e+00  1.6000000e-05]
  [-1.0000000e-05  1.6000000e-05 -7.8388270e+00]]

 [[-1.0502579e+01 -3.8089790e+00 -1.4000000e-05]
  [-3.8089790e+00 -5.9314180e+00 -6.0000000e-06]
  [-1.4000000e-05 -6.0000000e-06 -9.5870180e+00]]

 [[-1.0502508e+01  3.8090060e+00 -1.6000000e-05]
  [ 3.8090060e+00 -5.9313070e+00  5.0000000e-06]
  [-1.6000000e-05  5.0000000e-06 -9.5869540e+00]]]