====================Carbon====================
[[[-4.6229770e+00  4.0000000e-06  1.2000000e-05]
  [ 4.0000000e-06 -4.0426660e+00  3.0000000e-05]
  [ 1.2000000e-05  3.0000000e-05 -1.1138558e+01]]

 [[ 1.5263280e+00  9.8532000e-02 -5.0000000e-06]
  [ 9.8532000e-02  1.6264860e+00 -7.6000000e-05]
  [-5.0000000e-06 -7.6000000e-05  1.8895858e+01]]

 [[ 1.5261990e+00 -9.8488000e-02 -1.3000000e-05]
  [-9.8488000e-02  1.6263830e+00 -3.3000000e-05]
  [-1.3000000e-05 -3.3000000e-05  1.8895792e+01]]

 [[ 2.1913010e+00  4.7491000e-02 -1.3000000e-05]
  [ 4.7491000e-02  2.1725770e+00  6.4000000e-05]
  [-1.3000000e-05  6.4000000e-05  1.1607781e+01]]

 [[-5.8860280e+00  1.1559300e-01 -6.0000000e-06]
  [ 1.1559300e-01 -6.2703000e+00  5.0000000e-06]
  [-6.0000000e-06  5.0000000e-06 -1.2530378e+01]]

 [[-5.8861070e+00 -1.1566300e-01  1.3000000e-05]
  [-1.1566300e-01 -6.2704780e+00 -2.6000000e-05]
  [ 1.3000000e-05 -2.6000000e-05 -1.2530443e+01]]

 [[ 1.6503840e+00 -1.6597000e-02 -6.5000000e-05]
  [-1.6597000e-02  1.6308330e+00  8.0000000e-05]
  [-6.5000000e-05  8.0000000e-05  2.4073735e+01]]

 [[ 1.6508960e+00  1.6390000e-02  7.3000000e-05]
  [ 1.6390000e-02  1.6312930e+00 -1.0200000e-04]
  [ 7.3000000e-05 -1.0200000e-04  2.4074111e+01]]

 [[-6.9687150e+00  2.1342000e-02  3.5000000e-05]
  [ 2.1342000e-02 -6.3848420e+00 -5.0000000e-06]
  [ 3.5000000e-05 -5.0000000e-06 -1.3571330e+01]]

 [[-6.9687330e+00 -2.1489000e-02  3.5000000e-05]
  [-2.1489000e-02 -6.3846900e+00  5.0000000e-06]
  [ 3.5000000e-05  5.0000000e-06 -1.3571419e+01]]

 [[-6.5476540e+00 -2.6299400e-01  1.0000000e-06]
  [-2.6299400e-01 -6.8023320e+00  3.0000000e-06]
  [ 1.0000000e-06  3.0000000e-06 -1.3568551e+01]]

 [[-6.5476740e+00  2.6312000e-01 -2.7000000e-05]
  [ 2.6312000e-01 -6.8022930e+00  1.6000000e-05]
  [-2.7000000e-05  1.6000000e-05 -1.3568563e+01]]

 [[ 1.6243010e+00 -5.8000000e-05 -4.9000000e-05]
  [-5.8000000e-05  1.6615790e+00 -2.2000000e-05]
  [-4.9000000e-05 -2.2000000e-05  2.4078441e+01]]

 [[ 1.5932860e+00  1.4580000e-02 -0.0000000e+00]
  [ 1.4580000e-02  1.5764990e+00  5.3000000e-05]
  [-0.0000000e+00  5.3000000e-05  2.3251360e+01]]

 [[-6.2767650e+00 -1.0869200e-01 -2.0000000e-06]
  [-1.0869200e-01 -5.8837240e+00  9.0000000e-06]
  [-2.0000000e-06  9.0000000e-06 -1.2533061e+01]]

 [[-6.2768950e+00  1.0860700e-01  5.0000000e-06]
  [ 1.0860700e-01 -5.8837730e+00 -2.5000000e-05]
  [ 5.0000000e-06 -2.5000000e-05 -1.2533089e+01]]

 [[ 1.5932670e+00 -1.4590000e-02 -5.0000000e-06]
  [-1.4590000e-02  1.5764210e+00 -3.6000000e-05]
  [-5.0000000e-06 -3.6000000e-05  2.3251084e+01]]

 [[ 1.5671220e+00 -3.9100000e-04  8.1000000e-05]
  [-3.9100000e-04  1.6004760e+00  8.0000000e-06]
  [ 8.1000000e-05  8.0000000e-06  2.3249992e+01]]

 [[-4.1864760e+00 -2.5090300e-01  4.0000000e-06]
  [-2.5090300e-01 -4.4765270e+00  2.3000000e-05]
  [ 4.0000000e-06  2.3000000e-05 -1.1135959e+01]]

 [[-4.1864600e+00  2.5093100e-01  1.1000000e-05]
  [ 2.5093100e-01 -4.4764400e+00 -4.9000000e-05]
  [ 1.1000000e-05 -4.9000000e-05 -1.1135902e+01]]

 [[ 1.6874960e+00  6.0560000e-03 -2.0000000e-06]
  [ 6.0560000e-03  1.4663230e+00 -5.3000000e-05]
  [-2.0000000e-06 -5.3000000e-05  1.8894145e+01]]

 [[ 1.6874150e+00 -6.0270000e-03 -1.6000000e-05]
  [-6.0270000e-03  1.4662440e+00  1.1600000e-04]
  [-1.6000000e-05  1.1600000e-04  1.8894097e+01]]

 [[-6.0767310e+00 -2.2429600e-01  1.0000000e-06]
  [-2.2429600e-01 -6.0841660e+00 -4.0000000e-06]
  [ 1.0000000e-06 -4.0000000e-06 -1.2533459e+01]]

 [[ 1.5156490e+00 -9.2709000e-02  4.7000000e-05]
  [-9.2709000e-02  1.6363870e+00 -2.4000000e-05]
  [ 4.7000000e-05 -2.4000000e-05  1.8892160e+01]]

 [[ 1.5155910e+00  9.2694000e-02  1.0000000e-06]
  [ 9.2694000e-02  1.6364220e+00  8.4000000e-05]
  [ 1.0000000e-06  8.4000000e-05  1.8892138e+01]]

 [[ 2.1914500e+00 -4.7523000e-02  2.6000000e-05]
  [-4.7523000e-02  2.1727260e+00 -5.5000000e-05]
  [ 2.6000000e-05 -5.5000000e-05  1.1607901e+01]]

 [[ 2.1370620e+00 -1.5833000e-02  6.6000000e-05]
  [-1.5833000e-02  2.2279750e+00  2.5000000e-05]
  [ 6.6000000e-05  2.5000000e-05  1.1609131e+01]]

 [[-3.2433920e+00  4.1300000e-04 -2.5000000e-05]
  [ 4.1300000e-04 -3.2426770e+00 -6.6000000e-05]
  [-2.5000000e-05 -6.6000000e-05 -8.8076190e+00]]

 [[ 1.9838900e+00  2.3000000e-05  5.0000000e-06]
  [ 2.3000000e-05  1.9836120e+00 -1.4000000e-05]
  [ 5.0000000e-06 -1.4000000e-05  8.3955380e+00]]

 [[-3.2434970e+00 -4.3800000e-04 -3.2000000e-05]
  [-4.3800000e-04 -3.2429460e+00  7.3000000e-05]
  [-3.2000000e-05  7.3000000e-05 -8.8078170e+00]]

 [[-3.2441600e+00  7.0000000e-05  2.7000000e-05]
  [ 7.0000000e-05 -3.2446230e+00  2.0000000e-06]
  [ 2.7000000e-05  2.0000000e-06 -8.8094340e+00]]

 [[ 2.1371490e+00  1.5789000e-02  6.8000000e-05]
  [ 1.5789000e-02  2.2281720e+00 -7.8000000e-05]
  [ 6.8000000e-05 -7.8000000e-05  1.1609372e+01]]

 [[ 2.2198040e+00  3.1609000e-02 -3.0000000e-05]
  [ 3.1609000e-02  2.1465650e+00  2.1000000e-05]
  [-3.0000000e-05  2.1000000e-05  1.1611059e+01]]

 [[-6.0767750e+00  2.2424900e-01 -3.0000000e-06]
  [ 2.2424900e-01 -6.0842780e+00  4.7000000e-05]
  [-3.0000000e-06  4.7000000e-05 -1.2533526e+01]]

 [[ 1.5669950e+00  3.5000000e-04  9.4000000e-05]
  [ 3.5000000e-04  1.6003190e+00 -1.5400000e-04]
  [ 9.4000000e-05 -1.5400000e-04  2.3249733e+01]]

 [[ 1.5919930e+00 -1.4315000e-02 -3.3000000e-05]
  [-1.4315000e-02  1.5745740e+00 -4.9000000e-05]
  [-3.3000000e-05 -4.9000000e-05  2.3244543e+01]]

 [[-3.6603020e+00  6.8297000e-02 -3.0000000e-05]
  [ 6.8297000e-02 -3.7387590e+00 -3.5000000e-05]
  [-3.0000000e-05 -3.5000000e-05 -9.5263570e+00]]

 [[-3.6607360e+00 -6.8249000e-02 -3.4000000e-05]
  [-6.8249000e-02 -3.7390670e+00  3.5000000e-05]
  [-3.4000000e-05  3.5000000e-05 -9.5267300e+00]]

 [[ 2.2198810e+00 -3.1545000e-02 -3.8000000e-05]
  [-3.1545000e-02  2.1468110e+00 -1.5000000e-05]
  [-3.8000000e-05 -1.5000000e-05  1.1610998e+01]]

 [[ 2.3132200e+00 -9.0117000e-02  8.0000000e-06]
  [-9.0117000e-02  2.2087960e+00 -7.8000000e-05]
  [ 8.0000000e-06 -7.8000000e-05  1.2040133e+01]]

 [[ 2.3132110e+00  9.0174000e-02 -1.0000000e-06]
  [ 9.0174000e-02  2.2087760e+00  7.4000000e-05]
  [-1.0000000e-06  7.4000000e-05  1.2040217e+01]]

 [[ 2.1571850e+00  1.8000000e-05 -2.3000000e-05]
  [ 1.8000000e-05  2.3650990e+00 -2.7000000e-05]
  [-2.3000000e-05 -2.7000000e-05  1.2043082e+01]]

 [[-3.7795630e+00 -1.7000000e-05  4.0000000e-06]
  [-1.7000000e-05 -3.6217680e+00  1.0000000e-05]
  [ 4.0000000e-06  1.0000000e-05 -9.5275960e+00]]

 [[ 1.5920510e+00  1.4288000e-02 -5.6000000e-05]
  [ 1.4288000e-02  1.5743610e+00  8.2000000e-05]
  [-5.6000000e-05  8.2000000e-05  2.3244545e+01]]

 [[-6.5099040e+00 -2.4190500e-01  2.2000000e-05]
  [-2.4190500e-01 -6.8381170e+00  7.0000000e-06]
  [ 2.2000000e-05  7.0000000e-06 -1.3567098e+01]]

 [[-6.5094540e+00  2.4213700e-01 -8.0000000e-06]
  [ 2.4213700e-01 -6.8380940e+00 -1.1000000e-05]
  [-8.0000000e-06 -1.1000000e-05 -1.3567096e+01]]]
===================Hydrogen===================
[[[ 1.744821e+00  4.000000e-06 -5.000000e-06]
  [ 4.000000e-06  3.107379e+00  7.000000e-06]
  [-5.000000e-06  7.000000e-06  1.331880e+00]]

 [[-6.852640e+00 -2.289717e+00 -1.300000e-05]
  [-2.289717e+00 -3.509974e+00  3.500000e-05]
  [-1.300000e-05  3.500000e-05 -5.818952e+00]]

 [[-6.852657e+00  2.289753e+00 -2.300000e-05]
  [ 2.289753e+00 -3.510018e+00 -3.300000e-05]
  [-2.300000e-05 -3.300000e-05 -5.818964e+00]]

 [[-2.965130e+00 -2.300000e-05  8.000000e-06]
  [-2.300000e-05 -9.606087e+00 -1.000000e-06]
  [ 8.000000e-06 -1.000000e-06 -7.437547e+00]]

 [[-7.944734e+00  2.875355e+00 -6.000000e-06]
  [ 2.875355e+00 -4.625192e+00  2.100000e-05]
  [-6.000000e-06  2.100000e-05 -7.436584e+00]]

 [[-7.944503e+00 -2.875388e+00 -6.000000e-06]
  [-2.875388e+00 -4.624901e+00  3.000000e-06]
  [-6.000000e-06  3.000000e-06 -7.436139e+00]]

 [[-2.839823e+00 -7.512700e-02 -2.000000e-06]
  [-7.512700e-02 -9.393758e+00  9.000000e-06]
  [-2.000000e-06  9.000000e-06 -7.176589e+00]]

 [[-2.839701e+00  7.518900e-02  3.000000e-06]
  [ 7.518900e-02 -9.393617e+00 -5.000000e-06]
  [ 3.000000e-06 -5.000000e-06 -7.176481e+00]]

 [[-7.689744e+00  2.875361e+00  1.700000e-05]
  [ 2.875361e+00 -4.542944e+00  0.000000e+00]
  [ 1.700000e-05  0.000000e+00 -7.175874e+00]]

 [[ 2.765434e+00 -5.897960e-01  3.000000e-06]
  [-5.897960e-01  2.084625e+00  7.000000e-06]
  [ 3.000000e-06  7.000000e-06  1.331054e+00]]

 [[ 2.765419e+00  5.898020e-01  1.000000e-06]
  [ 5.898020e-01  2.084611e+00 -8.000000e-06]
  [ 1.000000e-06 -8.000000e-06  1.331013e+00]]

 [[-2.363671e+00  3.032910e-01  1.800000e-05]
  [ 3.032910e-01 -8.000969e+00 -6.000000e-06]
  [ 1.800000e-05 -6.000000e-06 -5.820229e+00]]

 [[-2.363696e+00 -3.033160e-01  2.200000e-05]
  [-3.033160e-01 -8.000978e+00  1.600000e-05]
  [ 2.200000e-05  1.600000e-05 -5.820210e+00]]

 [[-6.330320e+00  2.592495e+00  6.000000e-06]
  [ 2.592495e+00 -4.035732e+00 -3.000000e-06]
  [ 6.000000e-06 -3.000000e-06 -5.820802e+00]]

 [[-6.330416e+00 -2.592458e+00 -5.000000e-06]
  [-2.592458e+00 -4.035871e+00  6.000000e-06]
  [-5.000000e-06  6.000000e-06 -5.820854e+00]]

 [[-7.689594e+00 -2.875405e+00 -6.000000e-06]
  [-2.875405e+00 -4.542851e+00  1.600000e-05]
  [-6.000000e-06  1.600000e-05 -7.175787e+00]]

 [[-7.817321e+00  2.800001e+00 -2.400000e-05]
  [ 2.800001e+00 -4.412799e+00 -1.400000e-05]
  [-2.400000e-05 -1.400000e-05 -7.174438e+00]]

 [[-7.817110e+00 -2.800003e+00 -2.000000e-05]
  [-2.800003e+00 -4.412460e+00  1.200000e-05]
  [-2.000000e-05  1.200000e-05 -7.174234e+00]]]