====================Carbon====================
[[[-3.0797280e+00  9.0000000e-06 -1.2900000e-04]
  [ 9.0000000e-06 -2.6933020e+00  7.7000000e-05]
  [-1.2900000e-04  7.7000000e-05 -7.3929710e+00]]

 [[ 1.0133220e+00 -6.4732000e-02  3.9800000e-04]
  [-6.4732000e-02  1.0803430e+00 -1.7600000e-04]
  [ 3.9800000e-04 -1.7600000e-04  1.2558477e+01]]

 [[ 1.1201520e+00  3.3090000e-03 -3.2000000e-04]
  [ 3.3090000e-03  9.7432800e-01 -5.6900000e-04]
  [-3.2000000e-04 -5.6900000e-04  1.2557642e+01]]

 [[ 1.4417820e+00  3.4323000e-02 -8.4000000e-05]
  [ 3.4323000e-02  1.4193460e+00  2.0100000e-04]
  [-8.4000000e-05  2.0100000e-04  7.5742480e+00]]

 [[-3.8820930e+00  7.8836000e-02  1.0300000e-04]
  [ 7.8836000e-02 -4.1368970e+00  1.9600000e-04]
  [ 1.0300000e-04  1.9600000e-04 -8.2562440e+00]]

 [[-3.8820570e+00 -7.8837000e-02  9.3000000e-05]
  [-7.8837000e-02 -4.1368930e+00 -1.5600000e-04]
  [ 9.3000000e-05 -1.5600000e-04 -8.2563020e+00]]

 [[ 1.1025100e+00  2.3916000e-02  5.7700000e-04]
  [ 2.3916000e-02  1.0746550e+00 -3.7000000e-04]
  [ 5.7700000e-04 -3.7000000e-04  1.5537433e+01]]

 [[ 1.0609370e+00  2.7000000e-05 -1.5200000e-04]
  [ 2.7000000e-05  1.1158370e+00  1.5800000e-04]
  [-1.5200000e-04  1.5800000e-04  1.5537810e+01]]

 [[-4.5745670e+00  1.3860000e-02  1.1500000e-04]
  [ 1.3860000e-02 -4.1855100e+00 -1.2800000e-04]
  [ 1.1500000e-04 -1.2800000e-04 -8.8910410e+00]]

 [[-4.5746670e+00 -1.3984000e-02  1.1600000e-04]
  [-1.3984000e-02 -4.1852890e+00  1.3400000e-04]
  [ 1.1600000e-04  1.3400000e-04 -8.8909560e+00]]

 [[-4.2688250e+00  1.6145600e-01  1.3000000e-05]
  [ 1.6145600e-01 -4.4871580e+00  1.7000000e-04]
  [ 1.3000000e-05  1.7000000e-04 -8.8883100e+00]]

 [[-4.2689490e+00 -1.6129100e-01  6.9000000e-05]
  [-1.6129100e-01 -4.4871030e+00 -1.5300000e-04]
  [ 6.9000000e-05 -1.5300000e-04 -8.8883110e+00]]

 [[ 1.0605450e+00  4.6440000e-03 -1.5500000e-04]
  [ 4.6440000e-03  1.1023740e+00  4.1100000e-04]
  [-1.5500000e-04  4.1100000e-04  1.5697898e+01]]

 [[ 1.0878790e+00  2.0705000e-02  5.1300000e-04]
  [ 2.0705000e-02  1.0746690e+00 -4.4300000e-04]
  [ 5.1300000e-04 -4.4300000e-04  1.5698218e+01]]

 [[-4.2942090e+00  1.7540100e-01 -1.6900000e-04]
  [ 1.7540100e-01 -4.4642140e+00  1.6700000e-04]
  [-1.6900000e-04  1.6700000e-04 -8.8903260e+00]]

 [[-4.2941980e+00 -1.7543400e-01 -1.4700000e-04]
  [-1.7543400e-01 -4.4639500e+00 -8.9000000e-05]
  [-1.4700000e-04 -8.9000000e-05 -8.8901340e+00]]

 [[ 1.0603390e+00 -4.7950000e-03 -2.8800000e-04]
  [-4.7950000e-03  1.1024100e+00 -2.9900000e-04]
  [-2.8800000e-04 -2.9900000e-04  1.5697627e+01]]

 [[ 1.0876290e+00 -2.0713000e-02  3.4800000e-04]
  [-2.0713000e-02  1.0745040e+00  2.6100000e-04]
  [ 3.4800000e-04  2.6100000e-04  1.5697774e+01]]

 [[-1.5712510e+00 -1.0495000e-02  1.8700000e-04]
  [-1.0495000e-02 -1.5836430e+00  3.3000000e-05]
  [ 1.8700000e-04  3.3000000e-05 -4.6801130e+00]]

 [[ 1.0957130e+00  1.6034000e-02  1.4200000e-04]
  [ 1.6034000e-02  1.0660130e+00 -4.9800000e-04]
  [ 1.4200000e-04 -4.9800000e-04  1.5695147e+01]]

 [[ 1.0953800e+00 -1.6035000e-02 -1.2900000e-04]
  [-1.6035000e-02  1.0659370e+00  6.1400000e-04]
  [-1.2900000e-04  6.1400000e-04  1.5694819e+01]]

 [[-4.0064940e+00  1.4989000e-01 -1.2500000e-04]
  [ 1.4989000e-01 -4.0153180e+00  1.1500000e-04]
  [-1.2500000e-04  1.1500000e-04 -8.2583780e+00]]

 [[-4.3293190e+00 -1.7889200e-01 -5.9000000e-05]
  [-1.7889200e-01 -4.5348010e+00 -1.6200000e-04]
  [-5.9000000e-05 -1.6200000e-04 -9.0194960e+00]]

 [[-4.3303940e+00  1.7829600e-01 -1.3900000e-04]
  [ 1.7829600e-01 -4.5356470e+00  1.3900000e-04]
  [-1.3900000e-04  1.3900000e-04 -9.0205710e+00]]

 [[ 1.1021680e+00 -2.3920000e-02  3.1700000e-04]
  [-2.3920000e-02  1.0742800e+00  4.2100000e-04]
  [ 3.1700000e-04  4.2100000e-04  1.5536715e+01]]

 [[ 1.0440790e+00  1.0694000e-02 -1.9900000e-04]
  [ 1.0694000e-02  1.0383980e+00  4.0200000e-04]
  [-1.9900000e-04  4.0200000e-04  1.5288488e+01]]

 [[-2.7892530e+00  1.6710900e-01  7.4000000e-05]
  [ 1.6710900e-01 -2.9823820e+00 -1.8100000e-04]
  [ 7.4000000e-05 -1.8100000e-04 -7.3914600e+00]]

 [[-2.7892000e+00 -1.6711800e-01  1.0400000e-04]
  [-1.6711800e-01 -2.9823470e+00  2.2100000e-04]
  [ 1.0400000e-04  2.2100000e-04 -7.3913620e+00]]

 [[ 1.1201000e+00 -3.2850000e-03 -2.0800000e-04]
  [-3.2850000e-03  9.7425800e-01  4.5900000e-04]
  [-2.0800000e-04  4.5900000e-04  1.2557697e+01]]

 [[ 1.0132530e+00  6.4732000e-02  3.8000000e-04]
  [ 6.4732000e-02  1.0803210e+00 -1.4300000e-04]
  [ 3.8000000e-04 -1.4300000e-04  1.2558454e+01]]

 [[-4.1432330e+00 -7.0962000e-02  1.0100000e-04]
  [-7.0962000e-02 -3.8787830e+00  1.8700000e-04]
  [ 1.0100000e-04  1.8700000e-04 -8.2582000e+00]]

 [[ 1.0075320e+00  6.1412000e-02 -1.8900000e-04]
  [ 6.1412000e-02  1.0859960e+00  4.5700000e-04]
  [-1.8900000e-04  4.5700000e-04  1.2556373e+01]]

 [[ 1.0074420e+00 -6.1408000e-02 -2.2100000e-04]
  [-6.1408000e-02  1.0859050e+00 -5.9300000e-04]
  [-2.2100000e-04 -5.9300000e-04  1.2556231e+01]]

 [[ 1.4422510e+00 -3.3968000e-02 -4.4000000e-05]
  [-3.3968000e-02  1.4194850e+00 -3.0700000e-04]
  [-4.4000000e-05 -3.0700000e-04  7.5742150e+00]]

 [[ 1.4547620e+00  2.6626000e-02 -1.9800000e-04]
  [ 2.6626000e-02  1.4062140e+00  2.2200000e-04]
  [-1.9800000e-04  2.2200000e-04  7.5757890e+00]]

 [[-2.1506470e+00 -5.8970000e-03 -1.3000000e-05]
  [-5.8970000e-03 -2.1573110e+00 -1.0200000e-04]
  [-1.3000000e-05 -1.0200000e-04 -5.6445570e+00]]

 [[ 1.1593700e+00  9.9770000e-03  2.3900000e-04]
  [ 9.9770000e-03  1.1719650e+00 -3.5000000e-05]
  [ 2.3900000e-04 -3.5000000e-05  5.1872300e+00]]

 [[-1.5705340e+00  1.0037000e-02  2.3000000e-04]
  [ 1.0037000e-02 -1.5818030e+00  1.8000000e-05]
  [ 2.3000000e-04  1.8000000e-05 -4.6792140e+00]]

 [[-1.5879010e+00  2.6900000e-04  1.0800000e-04]
  [ 2.6900000e-04 -1.5642380e+00  8.0000000e-06]
  [ 1.0800000e-04  8.0000000e-06 -4.6789270e+00]]

 [[ 1.3953050e+00 -7.4630000e-03  6.2000000e-05]
  [-7.4630000e-03  1.4653490e+00 -9.2000000e-05]
  [ 6.2000000e-05 -9.2000000e-05  7.5762150e+00]]

 [[ 1.3955790e+00  7.3090000e-03  5.8000000e-05]
  [ 7.3090000e-03  1.4655150e+00 -5.5000000e-05]
  [ 5.8000000e-05 -5.5000000e-05  7.5763840e+00]]

 [[-2.1603200e+00 -3.3600000e-04  4.7000000e-05]
  [-3.3600000e-04 -2.1474750e+00 -8.0000000e-06]
  [ 4.7000000e-05 -8.0000000e-06 -5.6454620e+00]]

 [[-2.1507760e+00  5.2630000e-03 -5.8000000e-05]
  [ 5.2630000e-03 -2.1577680e+00  1.0400000e-04]
  [-5.8000000e-05  1.0400000e-04 -5.6455010e+00]]

 [[-2.1588630e+00  1.3743000e-02  9.1000000e-05]
  [ 1.3743000e-02 -2.1958090e+00 -9.1000000e-05]
  [ 9.1000000e-05 -9.1000000e-05 -5.7260940e+00]]

 [[ 1.4554480e+00 -2.6747000e-02 -2.8300000e-04]
  [-2.6747000e-02  1.4076680e+00 -2.9900000e-04]
  [-2.8300000e-04 -2.9900000e-04  7.5765770e+00]]

 [[ 1.3983040e+00 -1.4226000e-02  2.8400000e-04]
  [-1.4226000e-02  1.3985730e+00 -1.3000000e-05]
  [ 2.8400000e-04 -1.3000000e-05  7.7471550e+00]]

 [[-2.1594830e+00 -1.3869000e-02  3.6000000e-05]
  [-1.3869000e-02 -2.1955100e+00  5.1000000e-05]
  [ 3.6000000e-05  5.1000000e-05 -5.7268640e+00]]

 [[-2.1748780e+00  2.2721000e-02  5.5000000e-05]
  [ 2.2721000e-02 -2.1802770e+00 -4.0000000e-05]
  [ 5.5000000e-05 -4.0000000e-05 -5.7271090e+00]]

 [[ 1.3986130e+00  1.3903000e-02  1.4000000e-05]
  [ 1.3903000e-02  1.3982840e+00 -1.0000000e-06]
  [ 1.4000000e-05 -1.0000000e-06  7.7472130e+00]]

 [[ 1.4105660e+00  7.0340000e-03 -3.1500000e-04]
  [ 7.0340000e-03  1.3864520e+00  2.4200000e-04]
  [-3.1500000e-04  2.4200000e-04  7.7482100e+00]]

 [[-4.3297500e+00 -1.7837200e-01 -1.0400000e-04]
  [-1.7837200e-01 -4.5363290e+00 -1.5000000e-04]
  [-1.0400000e-04 -1.5000000e-04 -9.0206870e+00]]

 [[-4.3301740e+00  1.7829700e-01 -1.7900000e-04]
  [ 1.7829700e-01 -4.5364210e+00  1.5200000e-04]
  [-1.7900000e-04  1.5200000e-04 -9.0212170e+00]]

 [[ 1.3865030e+00  7.1430000e-03 -2.1000000e-05]
  [ 7.1430000e-03  1.4107480e+00 -9.3000000e-05]
  [-2.1000000e-05 -9.3000000e-05  7.7484470e+00]]

 [[ 1.4112130e+00 -7.3150000e-03 -3.9400000e-04]
  [-7.3150000e-03  1.3861300e+00 -2.3000000e-05]
  [-3.9400000e-04 -2.3000000e-05  7.7486240e+00]]

 [[-4.1432230e+00  7.0953000e-02  7.2000000e-05]
  [ 7.0953000e-02 -3.8787880e+00 -1.4800000e-04]
  [ 7.2000000e-05 -1.4800000e-04 -8.2582390e+00]]

 [[-4.0065660e+00 -1.4992400e-01 -1.1800000e-04]
  [-1.4992400e-01 -4.0153160e+00  2.0000000e-06]
  [-1.1800000e-04  2.0000000e-06 -8.2584730e+00]]

 [[ 1.1606970e+00 -1.0405000e-02  4.1100000e-04]
  [-1.0405000e-02  1.1723590e+00  1.5000000e-05]
  [ 4.1100000e-04  1.5000000e-05  5.1881210e+00]]

 [[ 1.1802650e+00 -6.1300000e-04 -3.1000000e-05]
  [-6.1300000e-04  1.1555420e+00  8.4000000e-05]
  [-3.1000000e-05  8.4000000e-05  5.1888390e+00]]

 [[-2.1744370e+00 -2.2975000e-02  4.0000000e-06]
  [-2.2975000e-02 -2.1807710e+00  2.9000000e-05]
  [ 4.0000000e-06  2.9000000e-05 -5.7274800e+00]]

 [[ 1.1977800e+00 -2.3400000e-04 -1.2100000e-04]
  [-2.3400000e-04  1.2525940e+00 -6.1000000e-05]
  [-1.2100000e-04 -6.1000000e-05  5.5830380e+00]]

 [[-2.1992550e+00 -8.9250000e-03 -1.1800000e-04]
  [-8.9250000e-03 -2.1564620e+00 -1.1000000e-04]
  [-1.1800000e-04 -1.1000000e-04 -5.7273380e+00]]

 [[-2.1990640e+00  8.8430000e-03 -1.4400000e-04]
  [ 8.8430000e-03 -2.1569360e+00  1.6100000e-04]
  [-1.4400000e-04  1.6100000e-04 -5.7274840e+00]]

 [[ 1.2396450e+00  2.3691000e-02 -2.8000000e-05]
  [ 2.3691000e-02  1.2113440e+00  2.6600000e-04]
  [-2.8000000e-05  2.6600000e-04  5.5827350e+00]]

 [[ 1.2399520e+00 -2.4109000e-02  8.0000000e-06]
  [-2.4109000e-02  1.2116680e+00 -2.7800000e-04]
  [ 8.0000000e-06 -2.7800000e-04  5.5835020e+00]]

 [[-2.4018400e+00 -4.7902000e-02  5.4000000e-05]
  [-4.7902000e-02 -2.4570550e+00  1.4200000e-04]
  [ 5.4000000e-05  1.4200000e-04 -6.2260240e+00]]

 [[-2.4029450e+00  4.7906000e-02  5.1000000e-05]
  [ 4.7906000e-02 -2.4582370e+00 -1.4300000e-04]
  [ 5.1000000e-05 -1.4300000e-04 -6.2270350e+00]]

 [[ 1.3870020e+00 -7.1480000e-03  3.5000000e-05]
  [-7.1480000e-03  1.4107190e+00  2.6000000e-05]
  [ 3.5000000e-05  2.6000000e-05  7.7485570e+00]]

 [[ 1.5312430e+00 -5.9962000e-02 -1.6100000e-04]
  [-5.9962000e-02  1.4618910e+00 -3.3400000e-04]
  [-1.6100000e-04 -3.3400000e-04  7.8266150e+00]]

 [[ 1.0440730e+00 -1.0777000e-02 -3.3800000e-04]
  [-1.0777000e-02  1.0382950e+00 -5.6400000e-04]
  [-3.3800000e-04 -5.6400000e-04  1.5288287e+01]]

 [[ 1.0300560e+00 -3.0770000e-03  4.0800000e-04]
  [-3.0770000e-03  1.0512720e+00  6.2000000e-05]
  [ 4.0800000e-04  6.2000000e-05  1.5288660e+01]]

 [[ 1.4271550e+00  2.6000000e-05  1.8700000e-04]
  [ 2.6000000e-05  1.5654510e+00 -7.7000000e-05]
  [ 1.8700000e-04 -7.7000000e-05  7.8287620e+00]]

 [[ 1.5319830e+00  5.9921000e-02 -1.2800000e-04]
  [ 5.9921000e-02  1.4626100e+00  2.5400000e-04]
  [-1.2800000e-04  2.5400000e-04  7.8274290e+00]]

 [[-2.4861510e+00 -2.8000000e-05 -1.5300000e-04]
  [-2.8000000e-05 -2.3753530e+00  5.1000000e-05]
  [-1.5300000e-04  5.1000000e-05 -6.2275630e+00]]

 [[ 1.0302420e+00  2.9880000e-03  4.4300000e-04]
  [ 2.9880000e-03  1.0512720e+00 -4.7800000e-04]
  [ 4.4300000e-04 -4.7800000e-04  1.5288410e+01]]

 [[-4.6408370e+00 -5.0200000e-04  7.2000000e-05]
  [-5.0200000e-04 -4.2272660e+00 -8.2000000e-05]
  [ 7.2000000e-05 -8.2000000e-05 -9.0219580e+00]]

 [[-4.6408520e+00  5.1000000e-04  7.1000000e-05]
  [ 5.1000000e-04 -4.2283130e+00  1.8000000e-05]
  [ 7.1000000e-05  1.8000000e-05 -9.0223380e+00]]

 [[ 1.0483720e+00  7.6650000e-03 -2.9100000e-04]
  [ 7.6650000e-03  1.0322630e+00  5.3400000e-04]
  [-2.9100000e-04  5.3400000e-04  1.5284119e+01]]

 [[ 1.0483100e+00 -7.6780000e-03 -2.4800000e-04]
  [-7.6780000e-03  1.0323620e+00 -6.5200000e-04]
  [-2.4800000e-04 -6.5200000e-04  1.5283946e+01]]]
===================Hydrogen===================
[[[ 1.165355e+00 -4.000000e-06 -8.000000e-06]
  [-4.000000e-06  2.064888e+00  2.000000e-05]
  [-8.000000e-06  2.000000e-05  8.852630e-01]]

 [[-4.555290e+00 -1.522918e+00 -1.030000e-04]
  [-1.522918e+00 -2.340905e+00  6.400000e-05]
  [-1.030000e-04  6.400000e-05 -3.875271e+00]]

 [[-4.555297e+00  1.522943e+00 -8.000000e-05]
  [ 1.522943e+00 -2.340908e+00 -5.100000e-05]
  [-8.000000e-05 -5.100000e-05 -3.875278e+00]]

 [[-1.968852e+00  3.501000e-03 -7.000000e-06]
  [ 3.501000e-03 -6.225152e+00 -3.000000e-05]
  [-7.000000e-06 -3.000000e-05 -4.874749e+00]]

 [[-1.968482e+00 -3.639000e-03  2.400000e-05]
  [-3.639000e-03 -6.225196e+00  5.200000e-05]
  [ 2.400000e-05  5.200000e-05 -4.874794e+00]]

 [[-5.157802e+00 -1.844970e+00 -4.500000e-05]
  [-1.844970e+00 -3.035722e+00  1.180000e-04]
  [-4.500000e-05  1.180000e-04 -4.874592e+00]]

 [[-5.157662e+00  1.844898e+00 -2.500000e-05]
  [ 1.844898e+00 -3.035499e+00 -7.800000e-05]
  [-2.500000e-05 -7.800000e-05 -4.874437e+00]]

 [[-5.162887e+00 -1.841095e+00 -6.000000e-05]
  [-1.841095e+00 -3.029416e+00  7.300000e-05]
  [-6.000000e-05  7.300000e-05 -4.873849e+00]]

 [[-5.162633e+00  1.841197e+00 -9.000000e-05]
  [ 1.841197e+00 -3.029216e+00 -6.000000e-05]
  [-9.000000e-05 -6.000000e-05 -4.873793e+00]]

 [[-1.967954e+00  9.400000e-05 -1.900000e-05]
  [ 9.400000e-05 -6.124259e+00  2.300000e-05]
  [-1.900000e-05  2.300000e-05 -4.838650e+00]]

 [[-5.084453e+00 -1.799551e+00 -2.300000e-05]
  [-1.799551e+00 -3.006629e+00  1.010000e-04]
  [-2.300000e-05  1.010000e-04 -4.837942e+00]]

 [[-5.084245e+00  1.799544e+00 -2.300000e-05]
  [ 1.799544e+00 -3.006400e+00 -5.500000e-05]
  [-2.300000e-05 -5.500000e-05 -4.837862e+00]]

 [[-1.879364e+00 -4.665500e-02  6.800000e-05]
  [-4.665500e-02 -6.169446e+00  4.600000e-05]
  [ 6.800000e-05  4.600000e-05 -4.731507e+00]]

 [[ 1.839208e+00  3.894030e-01  5.000000e-06]
  [ 3.894030e-01  1.389755e+00 -2.000000e-05]
  [ 5.000000e-06 -2.000000e-05  8.848130e-01]]

 [[ 1.839177e+00 -3.893950e-01  4.000000e-06]
  [-3.893950e-01  1.389743e+00  1.500000e-05]
  [ 4.000000e-06  1.500000e-05  8.847860e-01]]

 [[-1.576226e+00 -1.980270e-01  6.700000e-05]
  [-1.980270e-01 -5.321255e+00  5.300000e-05]
  [ 6.700000e-05  5.300000e-05 -3.876032e+00]]

 [[-1.576238e+00  1.979730e-01  7.700000e-05]
  [ 1.979730e-01 -5.321234e+00 -7.300000e-05]
  [ 7.700000e-05 -7.300000e-05 -3.876082e+00]]

 [[-4.214153e+00 -1.720547e+00 -4.000000e-06]
  [-1.720547e+00 -2.683733e+00  6.200000e-05]
  [-4.000000e-06  6.200000e-05 -3.876339e+00]]

 [[-4.214193e+00  1.720534e+00  3.300000e-05]
  [ 1.720534e+00 -2.683718e+00 -3.800000e-05]
  [ 3.300000e-05 -3.800000e-05 -3.876356e+00]]

 [[-1.879253e+00  4.669600e-02  5.200000e-05]
  [ 4.669600e-02 -6.169350e+00 -6.700000e-05]
  [ 5.200000e-05 -6.700000e-05 -4.731363e+00]]

 [[-5.056413e+00  1.881063e+00  1.100000e-05]
  [ 1.881063e+00 -2.991915e+00 -4.300000e-05]
  [ 1.100000e-05 -4.300000e-05 -4.731210e+00]]

 [[-5.056113e+00 -1.881139e+00 -4.400000e-05]
  [-1.881139e+00 -2.991851e+00  8.600000e-05]
  [-4.400000e-05  8.600000e-05 -4.731102e+00]]

 [[-5.135137e+00  1.834182e+00 -9.600000e-05]
  [ 1.834182e+00 -2.911062e+00 -5.400000e-05]
  [-9.600000e-05 -5.400000e-05 -4.730005e+00]]

 [[-5.135076e+00 -1.834165e+00 -1.160000e-04]
  [-1.834165e+00 -2.910824e+00  7.300000e-05]
  [-1.160000e-04  7.300000e-05 -4.729889e+00]]]