====================Carbon====================
[[[ 1.75401811e+00  5.23804151e-03  0.00000000e+00]
  [ 5.23804151e-03  1.71687079e+00  0.00000000e+00]
  [ 0.00000000e+00  0.00000000e+00  8.48577365e+00]]

 [[-8.76596811e+00  2.71832325e-01  0.00000000e+00]
  [ 2.71832325e-01 -8.83286484e+00  0.00000000e+00]
  [ 0.00000000e+00  0.00000000e+00 -1.36698281e+01]]

 [[ 1.39759679e+00 -3.20505722e-02  0.00000000e+00]
  [-3.20505722e-02  1.31757993e+00  0.00000000e+00]
  [ 0.00000000e+00  0.00000000e+00  4.42156386e+01]]

 [[-1.08003210e+01 -3.15536962e-01  0.00000000e+00]
  [-3.15536962e-01 -1.04217156e+01  0.00000000e+00]
  [ 0.00000000e+00  0.00000000e+00 -1.80825268e+01]]

 [[ 1.52674099e+00  5.15679099e-03  0.00000000e+00]
  [ 5.15679099e-03  1.63781212e+00  0.00000000e+00]
  [ 0.00000000e+00  0.00000000e+00  4.36354194e+01]]

 [[-1.42514390e+01 -2.00191978e-01  0.00000000e+00]
  [-2.00191978e-01 -1.50961161e+01  0.00000000e+00]
  [ 0.00000000e+00  0.00000000e+00 -2.17414582e+01]]

 [[ 1.75401811e+00 -5.23804151e-03  0.00000000e+00]
  [-5.23804151e-03  1.71687079e+00  0.00000000e+00]
  [ 0.00000000e+00  0.00000000e+00  8.48577365e+00]]

 [[-4.04584915e+00  3.66641171e-13  0.00000000e+00]
  [ 3.66641171e-13 -3.84419693e+00  0.00000000e+00]
  [ 0.00000000e+00  0.00000000e+00 -7.78262632e+00]]

 [[ 1.43119468e+00  2.29434287e-13  0.00000000e+00]
  [ 2.29434287e-13  1.53631126e+00  0.00000000e+00]
  [ 0.00000000e+00  0.00000000e+00  7.01410292e+01]]

 [[-1.42514390e+01  2.00191978e-01  0.00000000e+00]
  [ 2.00191978e-01 -1.50961161e+01  0.00000000e+00]
  [ 0.00000000e+00  0.00000000e+00 -2.17414582e+01]]

 [[ 1.39759679e+00  3.20505722e-02  0.00000000e+00]
  [ 3.20505722e-02  1.31757993e+00  0.00000000e+00]
  [ 0.00000000e+00  0.00000000e+00  4.42156386e+01]]

 [[-8.76596811e+00 -2.71832325e-01  0.00000000e+00]
  [-2.71832325e-01 -8.83286484e+00  0.00000000e+00]
  [ 0.00000000e+00  0.00000000e+00 -1.36698281e+01]]

 [[ 1.52674099e+00 -5.15679099e-03  0.00000000e+00]
  [-5.15679099e-03  1.63781212e+00  0.00000000e+00]
  [ 0.00000000e+00  0.00000000e+00  4.36354194e+01]]

 [[-1.08003210e+01  3.15536962e-01  0.00000000e+00]
  [ 3.15536962e-01 -1.04217156e+01  0.00000000e+00]
  [ 0.00000000e+00  0.00000000e+00 -1.80825268e+01]]

 [[ 1.56766991e+00  5.82053060e-13  0.00000000e+00]
  [ 5.82053060e-13  1.58465586e+00  0.00000000e+00]
  [ 0.00000000e+00  0.00000000e+00  1.99223855e+01]]

 [[-5.33398086e+00  1.96310582e-02  0.00000000e+00]
  [ 1.96310582e-02 -5.59458039e+00  0.00000000e+00]
  [ 0.00000000e+00  0.00000000e+00 -1.03849035e+01]]

 [[ 1.11034379e+00 -3.41676628e-02  0.00000000e+00]
  [-3.41676628e-02  1.07577959e+00  0.00000000e+00]
  [ 0.00000000e+00  0.00000000e+00  2.20152954e+01]]

 [[ 1.11034379e+00  3.41676628e-02  0.00000000e+00]
  [ 3.41676628e-02  1.07577959e+00  0.00000000e+00]
  [ 0.00000000e+00  0.00000000e+00  2.20152954e+01]]

 [[-5.33398086e+00 -1.96310582e-02  0.00000000e+00]
  [-1.96310582e-02 -5.59458039e+00  0.00000000e+00]
  [ 0.00000000e+00  0.00000000e+00 -1.03849035e+01]]

 [[-1.75401811e+00  5.23804151e-03  0.00000000e+00]
  [ 5.23804151e-03 -1.71687079e+00  0.00000000e+00]
  [ 0.00000000e+00  0.00000000e+00 -8.48577365e+00]]

 [[ 8.76596811e+00  2.71832325e-01  0.00000000e+00]
  [ 2.71832325e-01  8.83286484e+00  0.00000000e+00]
  [ 0.00000000e+00  0.00000000e+00  1.36698281e+01]]

 [[-1.39759679e+00 -3.20505722e-02  0.00000000e+00]
  [-3.20505722e-02 -1.31757993e+00  0.00000000e+00]
  [ 0.00000000e+00  0.00000000e+00 -4.42156386e+01]]

 [[ 1.08003210e+01 -3.15536962e-01  0.00000000e+00]
  [-3.15536962e-01  1.04217156e+01  0.00000000e+00]
  [ 0.00000000e+00  0.00000000e+00  1.80825268e+01]]

 [[-1.52674099e+00  5.15679099e-03  0.00000000e+00]
  [ 5.15679099e-03 -1.63781212e+00  0.00000000e+00]
  [ 0.00000000e+00  0.00000000e+00 -4.36354194e+01]]

 [[ 1.42514390e+01 -2.00191978e-01  0.00000000e+00]
  [-2.00191978e-01  1.50961161e+01  0.00000000e+00]
  [ 0.00000000e+00  0.00000000e+00  2.17414582e+01]]

 [[-1.75401811e+00 -5.23804151e-03  0.00000000e+00]
  [-5.23804151e-03 -1.71687079e+00  0.00000000e+00]
  [ 0.00000000e+00  0.00000000e+00 -8.48577365e+00]]

 [[ 4.04584915e+00  4.76095236e-13  0.00000000e+00]
  [ 4.76095236e-13  3.84419693e+00  0.00000000e+00]
  [ 0.00000000e+00  0.00000000e+00  7.78262632e+00]]

 [[-1.43119468e+00  5.47240378e-13  0.00000000e+00]
  [ 5.47240378e-13 -1.53631126e+00  0.00000000e+00]
  [ 0.00000000e+00  0.00000000e+00 -7.01410292e+01]]

 [[ 1.42514390e+01  2.00191978e-01  0.00000000e+00]
  [ 2.00191978e-01  1.50961161e+01  0.00000000e+00]
  [ 0.00000000e+00  0.00000000e+00  2.17414582e+01]]

 [[-1.39759679e+00  3.20505722e-02  0.00000000e+00]
  [ 3.20505722e-02 -1.31757993e+00  0.00000000e+00]
  [ 0.00000000e+00  0.00000000e+00 -4.42156386e+01]]

 [[ 8.76596811e+00 -2.71832325e-01  0.00000000e+00]
  [-2.71832325e-01  8.83286484e+00  0.00000000e+00]
  [ 0.00000000e+00  0.00000000e+00  1.36698281e+01]]

 [[-1.52674099e+00 -5.15679099e-03  0.00000000e+00]
  [-5.15679099e-03 -1.63781212e+00  0.00000000e+00]
  [ 0.00000000e+00  0.00000000e+00 -4.36354194e+01]]

 [[ 1.08003210e+01  3.15536962e-01  0.00000000e+00]
  [ 3.15536962e-01  1.04217156e+01  0.00000000e+00]
  [ 0.00000000e+00  0.00000000e+00  1.80825268e+01]]

 [[-1.56766991e+00  8.93675221e-13  0.00000000e+00]
  [ 8.93675221e-13 -1.58465586e+00  0.00000000e+00]
  [ 0.00000000e+00  0.00000000e+00 -1.99223855e+01]]

 [[ 5.33398086e+00  1.96310582e-02  0.00000000e+00]
  [ 1.96310582e-02  5.59458039e+00  0.00000000e+00]
  [ 0.00000000e+00  0.00000000e+00  1.03849035e+01]]

 [[-1.11034379e+00 -3.41676628e-02  0.00000000e+00]
  [-3.41676628e-02 -1.07577959e+00  0.00000000e+00]
  [ 0.00000000e+00  0.00000000e+00 -2.20152954e+01]]

 [[-1.11034379e+00  3.41676628e-02  0.00000000e+00]
  [ 3.41676628e-02 -1.07577959e+00  0.00000000e+00]
  [ 0.00000000e+00  0.00000000e+00 -2.20152954e+01]]

 [[ 5.33398086e+00 -1.96310582e-02  0.00000000e+00]
  [-1.96310582e-02  5.59458039e+00  0.00000000e+00]
  [ 0.00000000e+00  0.00000000e+00  1.03849035e+01]]]
===================Hydrogen===================
[[[ 5.00650217e+00 -5.15861444e+00  0.00000000e+00]
  [-5.15861444e+00 -1.24349978e+00  0.00000000e+00]
  [ 0.00000000e+00  0.00000000e+00 -3.76300239e+00]]

 [[ 1.54650064e+00  6.37440501e-01  0.00000000e+00]
  [ 6.37440501e-01  9.07674881e-01  0.00000000e+00]
  [ 0.00000000e+00  0.00000000e+00 -2.45417552e+00]]

 [[-4.06556564e+00  3.51731724e-02  0.00000000e+00]
  [ 3.51731724e-02  7.68289160e+00  0.00000000e+00]
  [ 0.00000000e+00  0.00000000e+00 -3.61732597e+00]]

 [[-6.65960073e+00  1.58138280e-12  0.00000000e+00]
  [ 1.58138280e-12  1.28949920e+01  0.00000000e+00]
  [ 0.00000000e+00  0.00000000e+00 -6.23539129e+00]]

 [[ 5.00650217e+00  5.15861444e+00  0.00000000e+00]
  [ 5.15861444e+00 -1.24349978e+00  0.00000000e+00]
  [ 0.00000000e+00  0.00000000e+00 -3.76300239e+00]]

 [[-4.06556564e+00 -3.51731724e-02  0.00000000e+00]
  [-3.51731724e-02  7.68289160e+00  0.00000000e+00]
  [ 0.00000000e+00  0.00000000e+00 -3.61732597e+00]]

 [[ 1.54650064e+00 -6.37440501e-01  0.00000000e+00]
  [-6.37440501e-01  9.07674881e-01  0.00000000e+00]
  [ 0.00000000e+00  0.00000000e+00 -2.45417552e+00]]

 [[ 2.27677504e+00 -2.49320260e+00  0.00000000e+00]
  [-2.49320260e+00 -5.68779262e-01  0.00000000e+00]
  [ 0.00000000e+00  0.00000000e+00 -1.70799578e+00]]

 [[ 2.27677504e+00  2.49320260e+00  0.00000000e+00]
  [ 2.49320260e+00 -5.68779262e-01  0.00000000e+00]
  [ 0.00000000e+00  0.00000000e+00 -1.70799578e+00]]

 [[-5.00650217e+00 -5.15861444e+00  0.00000000e+00]
  [-5.15861444e+00  1.24349978e+00  0.00000000e+00]
  [ 0.00000000e+00  0.00000000e+00  3.76300239e+00]]

 [[-1.54650064e+00  6.37440501e-01  0.00000000e+00]
  [ 6.37440501e-01 -9.07674881e-01  0.00000000e+00]
  [ 0.00000000e+00  0.00000000e+00  2.45417552e+00]]

 [[ 4.06556564e+00  3.51731724e-02  0.00000000e+00]
  [ 3.51731724e-02 -7.68289160e+00  0.00000000e+00]
  [ 0.00000000e+00  0.00000000e+00  3.61732597e+00]]

 [[ 6.65960073e+00  3.74912355e-12  0.00000000e+00]
  [ 3.74912355e-12 -1.28949920e+01  0.00000000e+00]
  [ 0.00000000e+00  0.00000000e+00  6.23539129e+00]]

 [[-5.00650217e+00  5.15861444e+00  0.00000000e+00]
  [ 5.15861444e+00  1.24349978e+00  0.00000000e+00]
  [ 0.00000000e+00  0.00000000e+00  3.76300239e+00]]

 [[ 4.06556564e+00 -3.51731724e-02  0.00000000e+00]
  [-3.51731724e-02 -7.68289160e+00  0.00000000e+00]
  [ 0.00000000e+00  0.00000000e+00  3.61732597e+00]]

 [[-1.54650064e+00 -6.37440501e-01  0.00000000e+00]
  [-6.37440501e-01 -9.07674881e-01  0.00000000e+00]
  [ 0.00000000e+00  0.00000000e+00  2.45417552e+00]]

 [[-2.27677504e+00 -2.49320260e+00  0.00000000e+00]
  [-2.49320260e+00  5.68779262e-01  0.00000000e+00]
  [ 0.00000000e+00  0.00000000e+00  1.70799578e+00]]

 [[-2.27677504e+00  2.49320260e+00  0.00000000e+00]
  [ 2.49320260e+00  5.68779262e-01  0.00000000e+00]
  [ 0.00000000e+00  0.00000000e+00  1.70799578e+00]]]