====================Carbon====================
[[[-1.36005585e+01  1.27675648e-15  0.00000000e+00]
  [ 1.27675648e-15 -1.70304817e+01  0.00000000e+00]
  [ 0.00000000e+00  0.00000000e+00 -4.54589342e+01]]

 [[ 5.72005301e+00 -6.14073768e-01  0.00000000e+00]
  [-6.14073768e-01  5.36867247e+00  0.00000000e+00]
  [ 0.00000000e+00  0.00000000e+00  7.13929744e+01]]

 [[ 5.72005301e+00  6.14073768e-01  0.00000000e+00]
  [ 6.14073768e-01  5.36867247e+00  0.00000000e+00]
  [ 0.00000000e+00  0.00000000e+00  7.13929744e+01]]

 [[-1.61730009e+01 -1.48520032e+00  0.00000000e+00]
  [-1.48520032e+00 -1.44580393e+01  0.00000000e+00]
  [ 0.00000000e+00  0.00000000e+00 -4.54589342e+01]]

 [[-1.61730009e+01  1.48520032e+00  0.00000000e+00]
  [ 1.48520032e+00 -1.44580393e+01  0.00000000e+00]
  [ 0.00000000e+00  0.00000000e+00 -4.54589342e+01]]

 [[ 4.92471412e+00  1.54884647e-01  0.00000000e+00]
  [ 1.54884647e-01  6.16401136e+00  0.00000000e+00]
  [ 0.00000000e+00  0.00000000e+00  7.13929744e+01]]

 [[ 4.92471412e+00 -1.54884647e-01  0.00000000e+00]
  [-1.54884647e-01  6.16401136e+00  0.00000000e+00]
  [ 0.00000000e+00  0.00000000e+00  7.13929744e+01]]

 [[-1.53920454e+01 -2.77208616e-15  0.00000000e+00]
  [-2.77208616e-15 -1.81657245e+01  0.00000000e+00]
  [ 0.00000000e+00  0.00000000e+00 -4.05126156e+01]]

 [[ 7.10279443e+00 -3.83026943e-16  0.00000000e+00]
  [-3.83026943e-16  7.10279443e+00  0.00000000e+00]
  [ 0.00000000e+00  0.00000000e+00  2.10551146e+01]]

 [[-1.74723047e+01  1.20103827e+00  0.00000000e+00]
  [ 1.20103827e+00 -1.60854652e+01  0.00000000e+00]
  [ 0.00000000e+00  0.00000000e+00 -4.05126156e+01]]

 [[-1.74723047e+01 -1.20103827e+00  0.00000000e+00]
  [-1.20103827e+00 -1.60854652e+01  0.00000000e+00]
  [ 0.00000000e+00  0.00000000e+00 -4.05126156e+01]]

 [[ 5.98832109e+00 -4.59189121e-01  0.00000000e+00]
  [-4.59189121e-01  5.10040439e+00  0.00000000e+00]
  [ 0.00000000e+00  0.00000000e+00  7.13929744e+01]]

 [[ 5.98832109e+00  4.59189121e-01  0.00000000e+00]
  [ 4.59189121e-01  5.10040439e+00  0.00000000e+00]
  [ 0.00000000e+00  0.00000000e+00  7.13929744e+01]]]
===================Hydrogen===================
[[[ 1.20499041e+01  3.42374186e-15  0.00000000e+00]
  [ 3.42374186e-15  3.64646049e+00  0.00000000e+00]
  [ 0.00000000e+00  0.00000000e+00  8.56620591e+00]]

 [[-1.39004856e+01 -8.80080530e+00  0.00000000e+00]
  [-8.80080530e+00 -2.40627802e+01  0.00000000e+00]
  [ 0.00000000e+00  0.00000000e+00 -2.07182466e+01]]

 [[-1.39004856e+01  8.80080530e+00  0.00000000e+00]
  [ 8.80080530e+00 -2.40627802e+01  0.00000000e+00]
  [ 0.00000000e+00  0.00000000e+00 -2.07182466e+01]]

 [[ 5.74732139e+00 -3.63879781e+00  0.00000000e+00]
  [-3.63879781e+00  9.94904318e+00  0.00000000e+00]
  [ 0.00000000e+00  0.00000000e+00  8.56620591e+00]]

 [[ 5.74732139e+00  3.63879781e+00  0.00000000e+00]
  [ 3.63879781e+00  9.94904318e+00  0.00000000e+00]
  [ 0.00000000e+00  0.00000000e+00  8.56620591e+00]]

 [[-2.91439275e+01 -4.14033522e-15  0.00000000e+00]
  [-4.14033522e-15 -8.81933827e+00  0.00000000e+00]
  [ 0.00000000e+00  0.00000000e+00 -2.07182466e+01]]

 [[-2.91439275e+01  6.76944808e-15  0.00000000e+00]
  [ 6.76944808e-15 -8.81933827e+00  0.00000000e+00]
  [ 0.00000000e+00  0.00000000e+00 -2.07182466e+01]]

 [[-1.39004856e+01 -8.80080530e+00  0.00000000e+00]
  [-8.80080530e+00 -2.40627802e+01  0.00000000e+00]
  [ 0.00000000e+00  0.00000000e+00 -2.07182466e+01]]

 [[-1.39004856e+01  8.80080530e+00  0.00000000e+00]
  [ 8.80080530e+00 -2.40627802e+01  0.00000000e+00]
  [ 0.00000000e+00  0.00000000e+00 -2.07182466e+01]]]