====================Carbon====================
[[[-1.46408459e+01  3.83026943e-15  0.00000000e+00]
  [ 3.83026943e-15 -1.83330354e+01  0.00000000e+00]
  [ 0.00000000e+00  0.00000000e+00 -5.06586642e+01]]

 [[ 6.77537103e+00 -7.00645317e-01  0.00000000e+00]
  [-7.00645317e-01  6.28304667e+00  0.00000000e+00]
  [ 0.00000000e+00  0.00000000e+00  7.75385387e+01]]

 [[ 6.77537103e+00  7.00645317e-01  0.00000000e+00]
  [ 7.00645317e-01  6.28304667e+00  0.00000000e+00]
  [ 0.00000000e+00  0.00000000e+00  7.75385387e+01]]

 [[ 8.24634788e+00 -2.29816166e-15  0.00000000e+00]
  [-2.29816166e-15  8.41985463e+00  0.00000000e+00]
  [ 0.00000000e+00  0.00000000e+00  4.60459339e+01]]

 [[-2.33001659e+01  1.23784952e+00  0.00000000e+00]
  [ 1.23784952e+00 -2.29403652e+01  0.00000000e+00]
  [ 0.00000000e+00  0.00000000e+00 -5.28124088e+01]]

 [[-2.33001659e+01 -1.23784952e+00  0.00000000e+00]
  [-1.23784952e+00 -2.29403652e+01  0.00000000e+00]
  [ 0.00000000e+00  0.00000000e+00 -5.28124088e+01]]

 [[ 6.33980403e+00 -5.63505359e-01  0.00000000e+00]
  [-5.63505359e-01  5.62021829e+00  0.00000000e+00]
  [ 0.00000000e+00  0.00000000e+00  9.70124084e+01]]

 [[ 6.33980403e+00  5.63505359e-01  0.00000000e+00]
  [ 5.63505359e-01  5.62021829e+00  0.00000000e+00]
  [ 0.00000000e+00  0.00000000e+00  9.70124084e+01]]

 [[-2.41023245e+01  7.74723008e-01  0.00000000e+00]
  [ 7.74723008e-01 -2.21382066e+01  0.00000000e+00]
  [ 0.00000000e+00  0.00000000e+00 -5.28124088e+01]]

 [[-2.41023245e+01 -7.74723008e-01  0.00000000e+00]
  [-7.74723008e-01 -2.21382066e+01  0.00000000e+00]
  [ 0.00000000e+00  0.00000000e+00 -5.28124088e+01]]

 [[-2.58357707e+01  1.32229792e+00  0.00000000e+00]
  [ 1.32229792e+00 -2.43089126e+01  0.00000000e+00]
  [ 0.00000000e+00  0.00000000e+00 -5.64997202e+01]]

 [[-2.58357707e+01 -1.32229792e+00  0.00000000e+00]
  [-1.32229792e+00 -2.43089126e+01  0.00000000e+00]
  [ 0.00000000e+00  0.00000000e+00 -5.64997202e+01]]

 [[ 6.28812469e+00 -5.93342445e-01  0.00000000e+00]
  [-5.93342445e-01  5.67189764e+00  0.00000000e+00]
  [ 0.00000000e+00  0.00000000e+00  9.70124084e+01]]

 [[ 6.28812469e+00  5.93342445e-01  0.00000000e+00]
  [ 5.93342445e-01  5.67189764e+00  0.00000000e+00]
  [ 0.00000000e+00  0.00000000e+00  9.70124084e+01]]

 [[-1.74099880e+01 -1.59876498e+00  0.00000000e+00]
  [-1.59876498e+00 -1.55638933e+01  0.00000000e+00]
  [ 0.00000000e+00  0.00000000e+00 -5.06586642e+01]]

 [[-1.74099880e+01  1.59876498e+00  0.00000000e+00]
  [ 1.59876498e+00 -1.55638933e+01  0.00000000e+00]
  [ 0.00000000e+00  0.00000000e+00 -5.06586642e+01]]

 [[ 5.79935112e+00  1.37139958e-01  0.00000000e+00]
  [ 1.37139958e-01  7.25906659e+00  0.00000000e+00]
  [ 0.00000000e+00  0.00000000e+00  7.75385387e+01]]

 [[ 5.79935112e+00 -1.37139958e-01  0.00000000e+00]
  [-1.37139958e-01  7.25906659e+00  0.00000000e+00]
  [ 0.00000000e+00  0.00000000e+00  7.75385387e+01]]

 [[ 7.01290441e+00 -5.63505359e-01  0.00000000e+00]
  [-5.63505359e-01  6.04551330e+00  0.00000000e+00]
  [ 0.00000000e+00  0.00000000e+00  7.75385387e+01]]

 [[ 7.01290441e+00  5.63505359e-01  0.00000000e+00]
  [ 5.63505359e-01  6.04551330e+00  0.00000000e+00]
  [ 0.00000000e+00  0.00000000e+00  7.75385387e+01]]

 [[ 8.03833429e+00 -1.04967714e-01  0.00000000e+00]
  [-1.04967714e-01  8.15954057e+00  0.00000000e+00]
  [ 0.00000000e+00  0.00000000e+00  4.20857879e+01]]

 [[ 8.03833429e+00  1.04967714e-01  0.00000000e+00]
  [ 1.04967714e-01  8.15954057e+00  0.00000000e+00]
  [ 0.00000000e+00  0.00000000e+00  4.20857879e+01]]

 [[-1.19731685e+01  1.14908083e-15  0.00000000e+00]
  [ 1.14908083e-15 -1.17781432e+01  0.00000000e+00]
  [ 0.00000000e+00  0.00000000e+00 -3.57805161e+01]]

 [[-2.35454835e+01 -2.29816166e-15  0.00000000e+00]
  [-2.29816166e-15 -2.65991998e+01  0.00000000e+00]
  [ 0.00000000e+00  0.00000000e+00 -5.64997202e+01]]

 [[ 8.22014371e+00  6.38378239e-16  0.00000000e+00]
  [ 6.38378239e-16  7.97773115e+00  0.00000000e+00]
  [ 0.00000000e+00  0.00000000e+00  4.20857879e+01]]

 [[-1.18268996e+01  8.44484005e-02  0.00000000e+00]
  [ 8.44484005e-02 -1.19244122e+01  0.00000000e+00]
  [ 0.00000000e+00  0.00000000e+00 -3.57805161e+01]]

 [[-1.18268996e+01 -8.44484005e-02  0.00000000e+00]
  [-8.44484005e-02 -1.19244122e+01  0.00000000e+00]
  [ 0.00000000e+00  0.00000000e+00 -3.57805161e+01]]

 [[ 8.37647794e+00  7.51306288e-02  0.00000000e+00]
  [ 7.51306288e-02  8.28972456e+00  0.00000000e+00]
  [ 0.00000000e+00  0.00000000e+00  4.60459339e+01]]

 [[ 8.37647794e+00 -7.51306288e-02  0.00000000e+00]
  [-7.51306288e-02  8.28972456e+00  0.00000000e+00]
  [ 0.00000000e+00  0.00000000e+00  4.60459339e+01]]

 [[ 5.31210477e+00 -2.98370856e-02  0.00000000e+00]
  [-2.98370856e-02  6.64791756e+00  0.00000000e+00]
  [ 0.00000000e+00  0.00000000e+00  9.70124084e+01]]

 [[ 5.31210477e+00  2.98370856e-02  0.00000000e+00]
  [ 2.98370856e-02  6.64791756e+00  0.00000000e+00]
  [ 0.00000000e+00  0.00000000e+00  9.70124084e+01]]

 [[-2.19583063e+01 -4.63126511e-01  0.00000000e+00]
  [-4.63126511e-01 -2.42822248e+01  0.00000000e+00]
  [ 0.00000000e+00  0.00000000e+00 -5.28124088e+01]]

 [[-2.19583063e+01  4.63126511e-01  0.00000000e+00]
  [ 4.63126511e-01 -2.42822248e+01  0.00000000e+00]
  [ 0.00000000e+00  0.00000000e+00 -5.28124088e+01]]]
===================Hydrogen===================
[[[ 1.37486884e+01  3.90641780e-15  0.00000000e+00]
  [ 3.90641780e-15  4.16053510e+00  0.00000000e+00]
  [ 0.00000000e+00  0.00000000e+00  9.77386165e+00]]

 [[-1.49633752e+01 -9.47375190e+00  0.00000000e+00]
  [-9.47375190e+00 -2.59027216e+01  0.00000000e+00]
  [ 0.00000000e+00  0.00000000e+00 -2.23024509e+01]]

 [[-1.49633752e+01  9.47375190e+00  0.00000000e+00]
  [ 9.47375190e+00 -2.59027216e+01  0.00000000e+00]
  [ 0.00000000e+00  0.00000000e+00 -2.23024509e+01]]

 [[-1.92979308e+01 -1.22180863e+01  0.00000000e+00]
  [-1.22180863e+01 -3.34061616e+01  0.00000000e+00]
  [ 0.00000000e+00  0.00000000e+00 -2.87629728e+01]]

 [[-1.92979308e+01  1.22180863e+01  0.00000000e+00]
  [ 1.22180863e+01 -3.34061616e+01  0.00000000e+00]
  [ 0.00000000e+00  0.00000000e+00 -2.87629728e+01]]

 [[-1.92979308e+01 -1.22180863e+01  0.00000000e+00]
  [-1.22180863e+01 -3.34061616e+01  0.00000000e+00]
  [ 0.00000000e+00  0.00000000e+00 -2.87629728e+01]]

 [[-1.92979308e+01  1.22180863e+01  0.00000000e+00]
  [ 1.22180863e+01 -3.34061616e+01  0.00000000e+00]
  [ 0.00000000e+00  0.00000000e+00 -2.87629728e+01]]

 [[ 6.55757342e+00 -4.15179215e+00  0.00000000e+00]
  [-4.15179215e+00  1.13516500e+01  0.00000000e+00]
  [ 0.00000000e+00  0.00000000e+00  9.77386165e+00]]

 [[ 6.55757342e+00  4.15179215e+00  0.00000000e+00]
  [ 4.15179215e+00  1.13516500e+01  0.00000000e+00]
  [ 0.00000000e+00  0.00000000e+00  9.77386165e+00]]

 [[-3.13723948e+01  2.67415360e-14  0.00000000e+00]
  [ 2.67415360e-14 -9.49370197e+00  0.00000000e+00]
  [ 0.00000000e+00  0.00000000e+00 -2.23024509e+01]]

 [[-3.13723948e+01 -3.11984587e-14  0.00000000e+00]
  [-3.11984587e-14 -9.49370197e+00  0.00000000e+00]
  [ 0.00000000e+00  0.00000000e+00 -2.23024509e+01]]

 [[-1.49633752e+01 -9.47375190e+00  0.00000000e+00]
  [-9.47375190e+00 -2.59027216e+01  0.00000000e+00]
  [ 0.00000000e+00  0.00000000e+00 -2.23024509e+01]]

 [[-1.49633752e+01  9.47375190e+00  0.00000000e+00]
  [ 9.47375190e+00 -2.59027216e+01  0.00000000e+00]
  [ 0.00000000e+00  0.00000000e+00 -2.23024509e+01]]

 [[-4.04602770e+01 -5.74799363e-15  0.00000000e+00]
  [-5.74799363e-15 -1.22438154e+01  0.00000000e+00]
  [ 0.00000000e+00  0.00000000e+00 -2.87629728e+01]]

 [[-4.04602770e+01  9.39796958e-15  0.00000000e+00]
  [ 9.39796958e-15 -1.22438154e+01  0.00000000e+00]
  [ 0.00000000e+00  0.00000000e+00 -2.87629728e+01]]]