====================Carbon====================
[[[ 1.72899076e+00  5.63483987e-03  0.00000000e+00]
  [ 5.63483987e-03  1.69068106e+00  0.00000000e+00]
  [ 0.00000000e+00  0.00000000e+00  7.98466774e+00]]

 [[-8.40597387e+00  2.71894012e-01  0.00000000e+00]
  [ 2.71894012e-01 -8.49666178e+00  0.00000000e+00]
  [ 0.00000000e+00  0.00000000e+00 -1.32329468e+01]]

 [[ 1.37643966e+00 -3.15642102e-02  0.00000000e+00]
  [-3.15642102e-02  1.29761912e+00  0.00000000e+00]
  [ 0.00000000e+00  0.00000000e+00  4.37281321e+01]]

 [[-1.06832561e+01 -3.12132712e-01  0.00000000e+00]
  [-3.12132712e-01 -1.03088076e+01  0.00000000e+00]
  [ 0.00000000e+00  0.00000000e+00 -1.78583843e+01]]

 [[ 1.51179902e+00  4.57702595e-03  0.00000000e+00]
  [ 4.57702595e-03  1.62178168e+00  0.00000000e+00]
  [ 0.00000000e+00  0.00000000e+00  4.31663422e+01]]

 [[-1.41355214e+01 -2.03738184e-01  0.00000000e+00]
  [-2.03738184e-01 -1.49846616e+01  0.00000000e+00]
  [ 0.00000000e+00  0.00000000e+00 -2.15957729e+01]]

 [[ 1.72899076e+00 -5.63483987e-03  0.00000000e+00]
  [-5.63483987e-03  1.69068106e+00  0.00000000e+00]
  [ 0.00000000e+00  0.00000000e+00  7.98466774e+00]]

 [[-3.89145163e+00  3.50125736e-13  0.00000000e+00]
  [ 3.50125736e-13 -3.68673614e+00  0.00000000e+00]
  [ 0.00000000e+00  0.00000000e+00 -7.49849135e+00]]

 [[ 1.42535104e+00  2.74211630e-13  0.00000000e+00]
  [ 2.74211630e-13  1.53004860e+00  0.00000000e+00]
  [ 0.00000000e+00  0.00000000e+00  7.01534262e+01]]

 [[-1.41355214e+01  2.03738184e-01  0.00000000e+00]
  [ 2.03738184e-01 -1.49846616e+01  0.00000000e+00]
  [ 0.00000000e+00  0.00000000e+00 -2.15957729e+01]]

 [[ 1.37643966e+00  3.15642102e-02  0.00000000e+00]
  [ 3.15642102e-02  1.29761912e+00  0.00000000e+00]
  [ 0.00000000e+00  0.00000000e+00  4.37281321e+01]]

 [[-8.40597387e+00 -2.71894012e-01  0.00000000e+00]
  [-2.71894012e-01 -8.49666178e+00  0.00000000e+00]
  [ 0.00000000e+00  0.00000000e+00 -1.32329468e+01]]

 [[ 1.51179902e+00 -4.57702595e-03  0.00000000e+00]
  [-4.57702595e-03  1.62178168e+00  0.00000000e+00]
  [ 0.00000000e+00  0.00000000e+00  4.31663422e+01]]

 [[-1.06832561e+01  3.12132712e-01  0.00000000e+00]
  [ 3.12132712e-01 -1.03088076e+01  0.00000000e+00]
  [ 0.00000000e+00  0.00000000e+00 -1.78583843e+01]]

 [[ 1.56281747e+00  5.98793093e-13  0.00000000e+00]
  [ 5.98793093e-13  1.58261402e+00  0.00000000e+00]
  [ 0.00000000e+00  0.00000000e+00  1.96212968e+01]]

 [[-5.08148186e+00  8.03358181e-03  0.00000000e+00]
  [ 8.03358181e-03 -5.32275184e+00  0.00000000e+00]
  [ 0.00000000e+00  0.00000000e+00 -1.01489449e+01]]

 [[ 1.10792222e+00 -3.45015276e-02  0.00000000e+00]
  [-3.45015276e-02  1.07486673e+00  0.00000000e+00]
  [ 0.00000000e+00  0.00000000e+00  2.01744898e+01]]

 [[ 1.10792222e+00  3.45015276e-02  0.00000000e+00]
  [ 3.45015276e-02  1.07486673e+00  0.00000000e+00]
  [ 0.00000000e+00  0.00000000e+00  2.01744898e+01]]

 [[-5.08148186e+00 -8.03358181e-03  0.00000000e+00]
  [-8.03358181e-03 -5.32275184e+00  0.00000000e+00]
  [ 0.00000000e+00  0.00000000e+00 -1.01489449e+01]]

 [[-1.72899076e+00  5.63483987e-03  0.00000000e+00]
  [ 5.63483987e-03 -1.69068106e+00  0.00000000e+00]
  [ 0.00000000e+00  0.00000000e+00 -7.98466774e+00]]

 [[ 8.40597387e+00  2.71894012e-01  0.00000000e+00]
  [ 2.71894012e-01  8.49666178e+00  0.00000000e+00]
  [ 0.00000000e+00  0.00000000e+00  1.32329468e+01]]

 [[-1.37643966e+00 -3.15642102e-02  0.00000000e+00]
  [-3.15642102e-02 -1.29761912e+00  0.00000000e+00]
  [ 0.00000000e+00  0.00000000e+00 -4.37281321e+01]]

 [[ 1.06832561e+01 -3.12132712e-01  0.00000000e+00]
  [-3.12132712e-01  1.03088076e+01  0.00000000e+00]
  [ 0.00000000e+00  0.00000000e+00  1.78583843e+01]]

 [[-1.51179902e+00  4.57702595e-03  0.00000000e+00]
  [ 4.57702595e-03 -1.62178168e+00  0.00000000e+00]
  [ 0.00000000e+00  0.00000000e+00 -4.31663422e+01]]

 [[ 1.41355214e+01 -2.03738184e-01  0.00000000e+00]
  [-2.03738184e-01  1.49846616e+01  0.00000000e+00]
  [ 0.00000000e+00  0.00000000e+00  2.15957729e+01]]

 [[-1.72899076e+00 -5.63483987e-03  0.00000000e+00]
  [-5.63483987e-03 -1.69068106e+00  0.00000000e+00]
  [ 0.00000000e+00  0.00000000e+00 -7.98466774e+00]]

 [[ 3.89145163e+00  5.96090431e-13  0.00000000e+00]
  [ 5.96090431e-13  3.68673614e+00  0.00000000e+00]
  [ 0.00000000e+00  0.00000000e+00  7.49849135e+00]]

 [[-1.42535104e+00  6.85390574e-13  0.00000000e+00]
  [ 6.85390574e-13 -1.53004860e+00  0.00000000e+00]
  [ 0.00000000e+00  0.00000000e+00 -7.01534262e+01]]

 [[ 1.41355214e+01  2.03738184e-01  0.00000000e+00]
  [ 2.03738184e-01  1.49846616e+01  0.00000000e+00]
  [ 0.00000000e+00  0.00000000e+00  2.15957729e+01]]

 [[-1.37643966e+00  3.15642102e-02  0.00000000e+00]
  [ 3.15642102e-02 -1.29761912e+00  0.00000000e+00]
  [ 0.00000000e+00  0.00000000e+00 -4.37281321e+01]]

 [[ 8.40597387e+00 -2.71894012e-01  0.00000000e+00]
  [-2.71894012e-01  8.49666178e+00  0.00000000e+00]
  [ 0.00000000e+00  0.00000000e+00  1.32329468e+01]]

 [[-1.51179902e+00 -4.57702595e-03  0.00000000e+00]
  [-4.57702595e-03 -1.62178168e+00  0.00000000e+00]
  [ 0.00000000e+00  0.00000000e+00 -4.31663422e+01]]

 [[ 1.06832561e+01  3.12132712e-01  0.00000000e+00]
  [ 3.12132712e-01  1.03088076e+01  0.00000000e+00]
  [ 0.00000000e+00  0.00000000e+00  1.78583843e+01]]

 [[-1.56281747e+00  1.06475148e-12  0.00000000e+00]
  [ 1.06475148e-12 -1.58261402e+00  0.00000000e+00]
  [ 0.00000000e+00  0.00000000e+00 -1.96212968e+01]]

 [[ 5.08148186e+00  8.03358181e-03  0.00000000e+00]
  [ 8.03358181e-03  5.32275184e+00  0.00000000e+00]
  [ 0.00000000e+00  0.00000000e+00  1.01489449e+01]]

 [[-1.10792222e+00 -3.45015276e-02  0.00000000e+00]
  [-3.45015276e-02 -1.07486673e+00  0.00000000e+00]
  [ 0.00000000e+00  0.00000000e+00 -2.01744898e+01]]

 [[-1.10792222e+00  3.45015276e-02  0.00000000e+00]
  [ 3.45015276e-02 -1.07486673e+00  0.00000000e+00]
  [ 0.00000000e+00  0.00000000e+00 -2.01744898e+01]]

 [[ 5.08148186e+00 -8.03358181e-03  0.00000000e+00]
  [-8.03358181e-03  5.32275184e+00  0.00000000e+00]
  [ 0.00000000e+00  0.00000000e+00  1.01489449e+01]]]
===================Hydrogen===================
[[[-1.22307017e+01 -4.93502975e-01  0.00000000e+00]
  [-4.93502975e-01 -1.28158189e+01  0.00000000e+00]
  [ 0.00000000e+00  0.00000000e+00 -1.30768672e+01]]

 [[ 2.04049859e+00 -1.62224316e-03  0.00000000e+00]
  [-1.62224316e-03  2.04742697e+00  0.00000000e+00]
  [ 0.00000000e+00  0.00000000e+00  1.89191771e+00]]

 [[-1.28467256e+01  1.64931483e-03  0.00000000e+00]
  [ 1.64931483e-03 -1.17256080e+01  0.00000000e+00]
  [ 0.00000000e+00  0.00000000e+00 -1.28232767e+01]]

 [[-2.12329406e+01  1.00349766e-13  0.00000000e+00]
  [ 1.00349766e-13 -1.93612636e+01  0.00000000e+00]
  [ 0.00000000e+00  0.00000000e+00 -2.12106186e+01]]

 [[-1.22307017e+01  4.93502975e-01  0.00000000e+00]
  [ 4.93502975e-01 -1.28158189e+01  0.00000000e+00]
  [ 0.00000000e+00  0.00000000e+00 -1.30768672e+01]]

 [[-1.28467256e+01 -1.64931483e-03  0.00000000e+00]
  [-1.64931483e-03 -1.17256080e+01  0.00000000e+00]
  [ 0.00000000e+00  0.00000000e+00 -1.28232767e+01]]

 [[ 2.04049859e+00  1.62224316e-03  0.00000000e+00]
  [ 1.62224316e-03  2.04742697e+00  0.00000000e+00]
  [ 0.00000000e+00  0.00000000e+00  1.89191771e+00]]

 [[-5.50540981e+00 -2.20190855e-01  0.00000000e+00]
  [-2.20190855e-01 -5.75721992e+00  0.00000000e+00]
  [ 0.00000000e+00  0.00000000e+00 -5.86869368e+00]]

 [[-5.50540981e+00  2.20190855e-01  0.00000000e+00]
  [ 2.20190855e-01 -5.75721992e+00  0.00000000e+00]
  [ 0.00000000e+00  0.00000000e+00 -5.86869368e+00]]

 [[ 1.22307017e+01 -4.93502975e-01  0.00000000e+00]
  [-4.93502975e-01  1.28158189e+01  0.00000000e+00]
  [ 0.00000000e+00  0.00000000e+00  1.30768672e+01]]

 [[-2.04049859e+00 -1.62224316e-03  0.00000000e+00]
  [-1.62224316e-03 -2.04742697e+00  0.00000000e+00]
  [ 0.00000000e+00  0.00000000e+00 -1.89191771e+00]]

 [[ 1.28467256e+01  1.64931483e-03  0.00000000e+00]
  [ 1.64931483e-03  1.17256080e+01  0.00000000e+00]
  [ 0.00000000e+00  0.00000000e+00  1.28232767e+01]]

 [[ 2.12329406e+01  2.48517290e-13  0.00000000e+00]
  [ 2.48517290e-13  1.93612636e+01  0.00000000e+00]
  [ 0.00000000e+00  0.00000000e+00  2.12106186e+01]]

 [[ 1.22307017e+01  4.93502975e-01  0.00000000e+00]
  [ 4.93502975e-01  1.28158189e+01  0.00000000e+00]
  [ 0.00000000e+00  0.00000000e+00  1.30768672e+01]]

 [[ 1.28467256e+01 -1.64931483e-03  0.00000000e+00]
  [-1.64931483e-03  1.17256080e+01  0.00000000e+00]
  [ 0.00000000e+00  0.00000000e+00  1.28232767e+01]]

 [[-2.04049859e+00  1.62224316e-03  0.00000000e+00]
  [ 1.62224316e-03 -2.04742697e+00  0.00000000e+00]
  [ 0.00000000e+00  0.00000000e+00 -1.89191771e+00]]

 [[ 5.50540981e+00 -2.20190855e-01  0.00000000e+00]
  [-2.20190855e-01  5.75721992e+00  0.00000000e+00]
  [ 0.00000000e+00  0.00000000e+00  5.86869368e+00]]

 [[ 5.50540981e+00  2.20190855e-01  0.00000000e+00]
  [ 2.20190855e-01  5.75721992e+00  0.00000000e+00]
  [ 0.00000000e+00  0.00000000e+00  5.86869368e+00]]]