====================Carbon====================
[[[ 3.09122132e+00  8.94373143e-03  0.00000000e+00]
  [ 8.94373143e-03  3.02296437e+00  0.00000000e+00]
  [ 0.00000000e+00  0.00000000e+00  1.15191189e+01]]

 [[-9.19528916e+00  2.71905657e-01  0.00000000e+00]
  [ 2.71905657e-01 -9.28552685e+00  0.00000000e+00]
  [ 0.00000000e+00  0.00000000e+00 -1.73086804e+01]]

 [[ 2.50598342e+00 -5.58778143e-02  0.00000000e+00]
  [-5.58778143e-02  2.35934068e+00  0.00000000e+00]
  [ 0.00000000e+00  0.00000000e+00  4.69950632e+01]]

 [[-1.13067642e+01 -3.33612265e-01  0.00000000e+00]
  [-3.33612265e-01 -1.09207149e+01  0.00000000e+00]
  [ 0.00000000e+00  0.00000000e+00 -2.40386740e+01]]

 [[ 2.75096285e+00  1.04749988e-02  0.00000000e+00]
  [ 1.04749988e-02  2.95003225e+00  0.00000000e+00]
  [ 0.00000000e+00  0.00000000e+00  4.73942594e+01]]

 [[-1.50733091e+01 -2.01794326e-01  0.00000000e+00]
  [-2.01794326e-01 -1.59334333e+01  0.00000000e+00]
  [ 0.00000000e+00  0.00000000e+00 -2.73402036e+01]]

 [[ 3.09122132e+00 -8.94373143e-03  0.00000000e+00]
  [-8.94373143e-03  3.02296437e+00  0.00000000e+00]
  [ 0.00000000e+00  0.00000000e+00  1.15191189e+01]]

 [[-4.41021098e+00 -2.02886810e-15  0.00000000e+00]
  [-2.02886810e-15 -4.24011515e+00  0.00000000e+00]
  [ 0.00000000e+00  0.00000000e+00 -1.08638215e+01]]

 [[ 2.56980384e+00  2.84490730e-16  0.00000000e+00]
  [ 2.84490730e-16  2.75677775e+00  0.00000000e+00]
  [ 0.00000000e+00  0.00000000e+00  7.40180337e+01]]

 [[-1.50733091e+01  2.01794326e-01  0.00000000e+00]
  [ 2.01794326e-01 -1.59334333e+01  0.00000000e+00]
  [ 0.00000000e+00  0.00000000e+00 -2.73402036e+01]]

 [[ 2.50598342e+00  5.58778143e-02  0.00000000e+00]
  [ 5.58778143e-02  2.35934068e+00  0.00000000e+00]
  [ 0.00000000e+00  0.00000000e+00  4.69950632e+01]]

 [[-9.19528916e+00 -2.71905657e-01  0.00000000e+00]
  [-2.71905657e-01 -9.28552685e+00  0.00000000e+00]
  [ 0.00000000e+00  0.00000000e+00 -1.73086804e+01]]

 [[ 2.75096285e+00 -1.04749988e-02  0.00000000e+00]
  [-1.04749988e-02  2.95003225e+00  0.00000000e+00]
  [ 0.00000000e+00  0.00000000e+00  4.73942594e+01]]

 [[-1.13067642e+01  3.33612265e-01  0.00000000e+00]
  [ 3.33612265e-01 -1.09207149e+01  0.00000000e+00]
  [ 0.00000000e+00  0.00000000e+00 -2.40386740e+01]]

 [[ 2.52936468e+00  1.01069075e-15  0.00000000e+00]
  [ 1.01069075e-15  2.54320124e+00  0.00000000e+00]
  [ 0.00000000e+00  0.00000000e+00  2.07527797e+01]]

 [[-4.90576291e+00  2.32251085e-02  0.00000000e+00]
  [ 2.32251085e-02 -5.22380791e+00  0.00000000e+00]
  [ 0.00000000e+00  0.00000000e+00 -1.24511387e+01]]

 [[ 1.83620660e+00 -5.29254867e-02  0.00000000e+00]
  [-5.29254867e-02  1.76827540e+00  0.00000000e+00]
  [ 0.00000000e+00  0.00000000e+00  2.30550995e+01]]

 [[ 1.83620660e+00  5.29254867e-02  0.00000000e+00]
  [ 5.29254867e-02  1.76827540e+00  0.00000000e+00]
  [ 0.00000000e+00  0.00000000e+00  2.30550995e+01]]

 [[-4.90576291e+00 -2.32251085e-02  0.00000000e+00]
  [-2.32251085e-02 -5.22380791e+00  0.00000000e+00]
  [ 0.00000000e+00  0.00000000e+00 -1.24511387e+01]]

 [[ 1.41003929e-01 -7.27204638e-04  0.00000000e+00]
  [-7.27204638e-04  1.26242053e-01  0.00000000e+00]
  [ 0.00000000e+00  0.00000000e+00 -3.16451171e-01]]

 [[-7.60411322e-02 -3.03735794e-02  0.00000000e+00]
  [-3.03735794e-02 -1.42181364e-01  0.00000000e+00]
  [ 0.00000000e+00  0.00000000e+00 -2.36663046e-01]]

 [[ 1.33102815e-01  9.02656931e-04  0.00000000e+00]
  [ 9.02656931e-04  1.18548558e-01  0.00000000e+00]
  [ 0.00000000e+00  0.00000000e+00  3.71268650e+00]]

 [[-9.29988261e-01  2.80474296e-02  0.00000000e+00]
  [ 2.80474296e-02 -9.00210133e-01  0.00000000e+00]
  [ 0.00000000e+00  0.00000000e+00 -1.87626320e+00]]

 [[ 2.18266193e-01  1.77627587e-04  0.00000000e+00]
  [ 1.77627587e-04  2.34067856e-01  0.00000000e+00]
  [ 0.00000000e+00  0.00000000e+00  3.97011291e+00]]

 [[-1.29802354e+00  2.84878750e-02  0.00000000e+00]
  [ 2.84878750e-02 -1.40367154e+00  0.00000000e+00]
  [ 0.00000000e+00  0.00000000e+00 -2.36583127e+00]]

 [[ 1.41003929e-01  7.27204638e-04  0.00000000e+00]
  [ 7.27204638e-04  1.26242053e-01  0.00000000e+00]
  [ 0.00000000e+00  0.00000000e+00 -3.16451171e-01]]

 [[ 5.04013119e-02 -3.23795370e-16  0.00000000e+00]
  [-3.23795370e-16  6.62563713e-02  0.00000000e+00]
  [ 0.00000000e+00  0.00000000e+00  3.90500930e-02]]

 [[ 2.19324968e-01  7.45852340e-16  0.00000000e+00]
  [ 7.45852340e-16  2.35331738e-01  0.00000000e+00]
  [ 0.00000000e+00  0.00000000e+00  7.75816883e+00]]

 [[-1.29802354e+00 -2.84878750e-02  0.00000000e+00]
  [-2.84878750e-02 -1.40367154e+00  0.00000000e+00]
  [ 0.00000000e+00  0.00000000e+00 -2.36583127e+00]]

 [[ 1.33102815e-01 -9.02656931e-04  0.00000000e+00]
  [-9.02656931e-04  1.18548558e-01  0.00000000e+00]
  [ 0.00000000e+00  0.00000000e+00  3.71268650e+00]]

 [[-7.60411322e-02  3.03735794e-02  0.00000000e+00]
  [ 3.03735794e-02 -1.42181364e-01  0.00000000e+00]
  [ 0.00000000e+00  0.00000000e+00 -2.36663046e-01]]

 [[ 2.18266193e-01 -1.77627587e-04  0.00000000e+00]
  [-1.77627587e-04  2.34067856e-01  0.00000000e+00]
  [ 0.00000000e+00  0.00000000e+00  3.97011291e+00]]

 [[-9.29988261e-01 -2.80474296e-02  0.00000000e+00]
  [-2.80474296e-02 -9.00210133e-01  0.00000000e+00]
  [ 0.00000000e+00  0.00000000e+00 -1.87626320e+00]]

 [[-3.06239261e-01 -2.11496398e-16  0.00000000e+00]
  [-2.11496398e-16 -3.28845712e-01  0.00000000e+00]
  [ 0.00000000e+00  0.00000000e+00  1.13710530e-01]]

 [[ 1.15909523e+00  2.03182130e-02  0.00000000e+00]
  [ 2.03182130e-02  1.05245571e+00  0.00000000e+00]
  [ 0.00000000e+00  0.00000000e+00  2.46031945e+00]]

 [[-1.37430522e-01 -9.61342801e-03  0.00000000e+00]
  [-9.61342801e-03 -1.50615750e-01  0.00000000e+00]
  [ 0.00000000e+00  0.00000000e+00 -2.40158453e+00]]

 [[-1.37430522e-01  9.61342801e-03  0.00000000e+00]
  [ 9.61342801e-03 -1.50615750e-01  0.00000000e+00]
  [ 0.00000000e+00  0.00000000e+00 -2.40158453e+00]]

 [[ 1.15909523e+00 -2.03182130e-02  0.00000000e+00]
  [-2.03182130e-02  1.05245571e+00  0.00000000e+00]
  [ 0.00000000e+00  0.00000000e+00  2.46031945e+00]]]
===================Hydrogen===================
[[[ 5.06144647e+00 -5.15825455e+00  0.00000000e+00]
  [-5.15825455e+00 -1.45491671e+00  0.00000000e+00]
  [ 0.00000000e+00  0.00000000e+00 -3.60652976e+00]]

 [[ 1.03529592e+00  1.68978713e-03  0.00000000e+00]
  [ 1.68978713e-03  1.03898598e+00  0.00000000e+00]
  [ 0.00000000e+00  0.00000000e+00 -2.07428190e+00]]

 [[-4.28281718e+00  7.14473283e-02  0.00000000e+00]
  [ 7.14473283e-02  7.76226807e+00  0.00000000e+00]
  [ 0.00000000e+00  0.00000000e+00 -3.47945089e+00]]

 [[-6.89878254e+00  1.91113613e-14  0.00000000e+00]
  [ 1.91113613e-14  1.30430115e+01  0.00000000e+00]
  [ 0.00000000e+00  0.00000000e+00 -6.14422891e+00]]

 [[ 5.06144647e+00  5.15825455e+00  0.00000000e+00]
  [ 5.15825455e+00 -1.45491671e+00  0.00000000e+00]
  [ 0.00000000e+00  0.00000000e+00 -3.60652976e+00]]

 [[-4.28281718e+00 -7.14473283e-02  0.00000000e+00]
  [-7.14473283e-02  7.76226807e+00  0.00000000e+00]
  [ 0.00000000e+00  0.00000000e+00 -3.47945089e+00]]

 [[ 1.03529592e+00 -1.68978713e-03  0.00000000e+00]
  [-1.68978713e-03  1.03898598e+00  0.00000000e+00]
  [ 0.00000000e+00  0.00000000e+00 -2.07428190e+00]]

 [[ 2.18039153e+00 -2.41337247e+00  0.00000000e+00]
  [-2.41337247e+00 -6.52835567e-01  0.00000000e+00]
  [ 0.00000000e+00  0.00000000e+00 -1.52755596e+00]]

 [[ 2.18039153e+00  2.41337247e+00  0.00000000e+00]
  [ 2.41337247e+00 -6.52835567e-01  0.00000000e+00]
  [ 0.00000000e+00  0.00000000e+00 -1.52755596e+00]]

 [[ 4.41489554e-01  4.15298274e-01  0.00000000e+00]
  [ 4.15298274e-01 -1.30217257e-01  0.00000000e+00]
  [ 0.00000000e+00  0.00000000e+00 -3.11272297e-01]]

 [[ 1.04633449e-01 -9.22587395e-03  0.00000000e+00]
  [-9.22587395e-03  7.61900873e-02  0.00000000e+00]
  [ 0.00000000e+00  0.00000000e+00 -1.80823537e-01]]

 [[-3.60243787e-01  1.21155303e-03  0.00000000e+00]
  [ 1.21155303e-03  6.56718237e-01  0.00000000e+00]
  [ 0.00000000e+00  0.00000000e+00 -2.96474450e-01]]

 [[-7.29180541e-01  3.27888015e-15  0.00000000e+00]
  [ 3.27888015e-15  1.39376401e+00  0.00000000e+00]
  [ 0.00000000e+00  0.00000000e+00 -6.64583474e-01]]

 [[ 4.41489554e-01 -4.15298274e-01  0.00000000e+00]
  [-4.15298274e-01 -1.30217257e-01  0.00000000e+00]
  [ 0.00000000e+00  0.00000000e+00 -3.11272297e-01]]

 [[-3.60243787e-01 -1.21155303e-03  0.00000000e+00]
  [-1.21155303e-03  6.56718237e-01  0.00000000e+00]
  [ 0.00000000e+00  0.00000000e+00 -2.96474450e-01]]

 [[ 1.04633449e-01  9.22587395e-03  0.00000000e+00]
  [ 9.22587395e-03  7.61900873e-02  0.00000000e+00]
  [ 0.00000000e+00  0.00000000e+00 -1.80823537e-01]]

 [[-1.78776147e-01 -3.00269523e-01  0.00000000e+00]
  [-3.00269523e-01  2.29751290e-03  0.00000000e+00]
  [ 0.00000000e+00  0.00000000e+00  1.76478634e-01]]

 [[-1.78776147e-01  3.00269523e-01  0.00000000e+00]
  [ 3.00269523e-01  2.29751290e-03  0.00000000e+00]
  [ 0.00000000e+00  0.00000000e+00  1.76478634e-01]]]