====================Carbon====================
[[[-1.48852088e+01  3.06421555e-15  0.00000000e+00]
  [ 3.06421555e-15 -1.86390415e+01  0.00000000e+00]
  [ 0.00000000e+00  0.00000000e+00 -5.11192859e+01]]

 [[ 6.70437037e+00 -7.03491022e-01  0.00000000e+00]
  [-7.03491022e-01  6.24617100e+00  0.00000000e+00]
  [ 0.00000000e+00  0.00000000e+00  7.86336360e+01]]

 [[ 6.70437037e+00  7.03491022e-01  0.00000000e+00]
  [ 7.03491022e-01  6.24617100e+00  0.00000000e+00]
  [ 0.00000000e+00  0.00000000e+00  7.86336360e+01]]

 [[ 8.21365817e+00  3.19189120e-16  0.00000000e+00]
  [ 3.19189120e-16  8.32322166e+00  0.00000000e+00]
  [ 0.00000000e+00  0.00000000e+00  4.13514853e+01]]

 [[-2.26365149e+01  1.26827926e+00  0.00000000e+00]
  [ 1.26827926e+00 -2.20051846e+01  0.00000000e+00]
  [ 0.00000000e+00  0.00000000e+00 -5.12530143e+01]]

 [[-2.26365149e+01 -1.26827926e+00  0.00000000e+00]
  [-1.26827926e+00 -2.20051846e+01  0.00000000e+00]
  [ 0.00000000e+00  0.00000000e+00 -5.12530143e+01]]

 [[ 6.00556012e+00 -5.50151660e-01  0.00000000e+00]
  [-5.50151660e-01  5.37029970e+00  0.00000000e+00]
  [ 0.00000000e+00  0.00000000e+00  9.33632921e+01]]

 [[ 6.00556012e+00  5.50151660e-01  0.00000000e+00]
  [ 5.50151660e-01  5.37029970e+00  0.00000000e+00]
  [ 0.00000000e+00  0.00000000e+00  9.33632921e+01]]

 [[-1.77005833e+01 -1.62545724e+00  0.00000000e+00]
  [-1.62545724e+00 -1.58236669e+01  0.00000000e+00]
  [ 0.00000000e+00  0.00000000e+00 -5.11192859e+01]]

 [[-1.77005833e+01  1.62545724e+00  0.00000000e+00]
  [ 1.62545724e+00 -1.58236669e+01  0.00000000e+00]
  [ 0.00000000e+00  0.00000000e+00 -5.11192859e+01]]

 [[ 5.75147974e+00  1.53339361e-01  0.00000000e+00]
  [ 1.53339361e-01  7.19906162e+00  0.00000000e+00]
  [ 0.00000000e+00  0.00000000e+00  7.86336360e+01]]

 [[ 5.75147974e+00 -1.53339361e-01  0.00000000e+00]
  [-1.53339361e-01  7.19906162e+00  0.00000000e+00]
  [ 0.00000000e+00  0.00000000e+00  7.86336360e+01]]

 [[-2.32613792e+01  9.07513630e-01  0.00000000e+00]
  [ 9.07513630e-01 -2.13803202e+01  0.00000000e+00]
  [ 0.00000000e+00  0.00000000e+00 -5.12530143e+01]]

 [[-2.32613792e+01 -9.07513630e-01  0.00000000e+00]
  [-9.07513630e-01 -2.13803202e+01  0.00000000e+00]
  [ 0.00000000e+00  0.00000000e+00 -5.12530143e+01]]

 [[ 6.96996193e+00 -5.50151660e-01  0.00000000e+00]
  [-5.50151660e-01  5.98057943e+00  0.00000000e+00]
  [ 0.00000000e+00  0.00000000e+00  7.86336360e+01]]

 [[ 6.96996193e+00  5.50151660e-01  0.00000000e+00]
  [ 5.50151660e-01  5.98057943e+00  0.00000000e+00]
  [ 0.00000000e+00  0.00000000e+00  7.86336360e+01]]

 [[ 5.05266949e+00 -8.93729535e-16  0.00000000e+00]
  [-8.93729535e-16  6.32319033e+00  0.00000000e+00]
  [ 0.00000000e+00  0.00000000e+00  9.33632921e+01]]

 [[ 8.29583079e+00 -4.74423816e-02  0.00000000e+00]
  [-4.74423816e-02  8.24104905e+00  0.00000000e+00]
  [ 0.00000000e+00  0.00000000e+00  4.13514853e+01]]

 [[ 8.29583079e+00  4.74423816e-02  0.00000000e+00]
  [ 4.74423816e-02  8.24104905e+00  0.00000000e+00]
  [ 0.00000000e+00  0.00000000e+00  4.13514853e+01]]

 [[-1.11057299e+01  3.31956684e-15  0.00000000e+00]
  [ 3.31956684e-15 -1.11057299e+01  0.00000000e+00]
  [ 0.00000000e+00  0.00000000e+00 -3.54616626e+01]]

 [[-2.10646551e+01 -3.60765626e-01  0.00000000e+00]
  [-3.60765626e-01 -2.35770444e+01  0.00000000e+00]
  [ 0.00000000e+00  0.00000000e+00 -5.12530143e+01]]

 [[-2.10646551e+01  3.60765626e-01  0.00000000e+00]
  [ 3.60765626e-01 -2.35770444e+01  0.00000000e+00]
  [ 0.00000000e+00  0.00000000e+00 -5.12530143e+01]]]
===================Hydrogen===================
[[[ 1.38045293e+01  3.92228391e-15  0.00000000e+00]
  [ 3.92228391e-15  4.17743332e+00  0.00000000e+00]
  [ 0.00000000e+00  0.00000000e+00  9.81355867e+00]]

 [[-1.52131969e+01 -9.63192139e+00  0.00000000e+00]
  [-9.63192139e+00 -2.63351818e+01  0.00000000e+00]
  [ 0.00000000e+00  0.00000000e+00 -2.26748025e+01]]

 [[-1.52131969e+01  9.63192139e+00  0.00000000e+00]
  [ 9.63192139e+00 -2.63351818e+01  0.00000000e+00]
  [ 0.00000000e+00  0.00000000e+00 -2.26748025e+01]]

 [[-1.85897229e+01 -1.17696990e+01  0.00000000e+00]
  [-1.17696990e+01 -3.21802007e+01  0.00000000e+00]
  [ 0.00000000e+00  0.00000000e+00 -2.77074107e+01]]

 [[-1.85897229e+01  1.17696990e+01  0.00000000e+00]
  [ 1.17696990e+01 -3.21802007e+01  0.00000000e+00]
  [ 0.00000000e+00  0.00000000e+00 -2.77074107e+01]]

 [[ 6.58420732e+00 -4.16865485e+00  0.00000000e+00]
  [-4.16865485e+00  1.13977553e+01  0.00000000e+00]
  [ 0.00000000e+00  0.00000000e+00  9.81355867e+00]]

 [[ 6.58420732e+00  4.16865485e+00  0.00000000e+00]
  [ 4.16865485e+00  1.13977553e+01  0.00000000e+00]
  [ 0.00000000e+00  0.00000000e+00  9.81355867e+00]]

 [[-3.18961742e+01  1.81253337e-14  0.00000000e+00]
  [ 1.81253337e-14 -9.65220454e+00  0.00000000e+00]
  [ 0.00000000e+00  0.00000000e+00 -2.26748025e+01]]

 [[-3.18961742e+01 -1.58596670e-14  0.00000000e+00]
  [-1.58596670e-14 -9.65220454e+00  0.00000000e+00]
  [ 0.00000000e+00  0.00000000e+00 -2.26748025e+01]]

 [[-1.52131969e+01 -9.63192139e+00  0.00000000e+00]
  [-9.63192139e+00 -2.63351818e+01  0.00000000e+00]
  [ 0.00000000e+00  0.00000000e+00 -2.26748025e+01]]

 [[-1.52131969e+01  9.63192139e+00  0.00000000e+00]
  [ 9.63192139e+00 -2.63351818e+01  0.00000000e+00]
  [ 0.00000000e+00  0.00000000e+00 -2.26748025e+01]]

 [[-3.89754396e+01 -5.53705005e-15  0.00000000e+00]
  [-5.53705005e-15 -1.17944840e+01  0.00000000e+00]
  [ 0.00000000e+00  0.00000000e+00 -2.77074107e+01]]]