====================Carbon====================
[[[-1.44846639e+01  1.27675648e-15  0.00000000e+00]
  [ 1.27675648e-15 -1.81374695e+01  0.00000000e+00]
  [ 0.00000000e+00  0.00000000e+00 -5.00645985e+01]]

 [[ 6.69455915e+00 -6.91937511e-01  0.00000000e+00]
  [-6.91937511e-01  6.20711971e+00  0.00000000e+00]
  [ 0.00000000e+00  0.00000000e+00  7.67007695e+01]]

 [[ 6.69455915e+00  6.91937511e-01  0.00000000e+00]
  [ 6.91937511e-01  6.20711971e+00  0.00000000e+00]
  [ 0.00000000e+00  0.00000000e+00  7.67007695e+01]]

 [[ 8.13653823e+00  2.29816166e-15  0.00000000e+00]
  [ 2.29816166e-15  8.31358795e+00  0.00000000e+00]
  [ 0.00000000e+00  0.00000000e+00  4.53998943e+01]]

 [[-2.30277841e+01  1.22548009e+00  0.00000000e+00]
  [ 1.22548009e+00 -2.26658072e+01  0.00000000e+00]
  [ 0.00000000e+00  0.00000000e+00 -5.21962659e+01]]

 [[-2.30277841e+01 -1.22548009e+00  0.00000000e+00]
  [-1.22548009e+00 -2.26658072e+01  0.00000000e+00]
  [ 0.00000000e+00  0.00000000e+00 -5.21962659e+01]]

 [[ 6.33780998e+00 -5.57036227e-01  0.00000000e+00]
  [-5.57036227e-01  5.60057188e+00  0.00000000e+00]
  [ 0.00000000e+00  0.00000000e+00  9.59472933e+01]]

 [[ 6.33780998e+00  5.57036227e-01  0.00000000e+00]
  [ 5.57036227e-01  5.60057188e+00  0.00000000e+00]
  [ 0.00000000e+00  0.00000000e+00  9.59472933e+01]]

 [[-2.61547151e+01  1.25464667e+00  0.00000000e+00]
  [ 1.25464667e+00 -2.45657129e+01  0.00000000e+00]
  [ 0.00000000e+00  0.00000000e+00 -5.70438816e+01]]

 [[-2.61547151e+01 -1.25464667e+00  0.00000000e+00]
  [-1.25464667e+00 -2.45657129e+01  0.00000000e+00]
  [ 0.00000000e+00  0.00000000e+00 -5.70438816e+01]]

 [[-2.60495193e+01  1.31538146e+00  0.00000000e+00]
  [ 1.31538146e+00 -2.46709086e+01  0.00000000e+00]
  [ 0.00000000e+00  0.00000000e+00 -5.70438816e+01]]

 [[-2.60495193e+01 -1.31538146e+00  0.00000000e+00]
  [-1.31538146e+00 -2.46709086e+01  0.00000000e+00]
  [ 0.00000000e+00  0.00000000e+00 -5.70438816e+01]]

 [[ 6.52467091e+00 -5.97751575e-01  0.00000000e+00]
  [-5.97751575e-01  5.83444684e+00  0.00000000e+00]
  [ 0.00000000e+00  0.00000000e+00  9.88467656e+01]]

 [[ 6.52467091e+00  5.97751575e-01  0.00000000e+00]
  [ 5.97751575e-01  5.83444684e+00  0.00000000e+00]
  [ 0.00000000e+00  0.00000000e+00  9.88467656e+01]]

 [[-2.38175983e+01  7.69480621e-01  0.00000000e+00]
  [ 7.69480621e-01 -2.18759930e+01  0.00000000e+00]
  [ 0.00000000e+00  0.00000000e+00 -5.21962659e+01]]

 [[-2.38175983e+01 -7.69480621e-01  0.00000000e+00]
  [-7.69480621e-01 -2.18759930e+01  0.00000000e+00]
  [ 0.00000000e+00  0.00000000e+00 -5.21962659e+01]]

 [[ 6.26728893e+00 -5.97751575e-01  0.00000000e+00]
  [-5.97751575e-01  5.67109294e+00  0.00000000e+00]
  [ 0.00000000e+00  0.00000000e+00  9.59472933e+01]]

 [[ 6.26728893e+00  5.97751575e-01  0.00000000e+00]
  [ 5.97751575e-01  5.67109294e+00  0.00000000e+00]
  [ 0.00000000e+00  0.00000000e+00  9.59472933e+01]]

 [[-1.72242681e+01 -1.58171120e+00  0.00000000e+00]
  [-1.58171120e+00 -1.53978653e+01  0.00000000e+00]
  [ 0.00000000e+00  0.00000000e+00 -5.00645985e+01]]

 [[-1.72242681e+01  1.58171120e+00  0.00000000e+00]
  [ 1.58171120e+00 -1.53978653e+01  0.00000000e+00]
  [ 0.00000000e+00  0.00000000e+00 -5.00645985e+01]]

 [[ 5.72974411e+00  1.34901285e-01  0.00000000e+00]
  [ 1.34901285e-01  7.17193476e+00  0.00000000e+00]
  [ 0.00000000e+00  0.00000000e+00  7.67007695e+01]]

 [[ 5.72974411e+00 -1.34901285e-01  0.00000000e+00]
  [-1.34901285e-01  7.17193476e+00  0.00000000e+00]
  [ 0.00000000e+00  0.00000000e+00  7.67007695e+01]]

 [[-2.16950045e+01 -4.55999468e-01  0.00000000e+00]
  [-4.55999468e-01 -2.39985868e+01  0.00000000e+00]
  [ 0.00000000e+00  0.00000000e+00 -5.21962659e+01]]

 [[ 6.92821503e+00 -5.57036227e-01  0.00000000e+00]
  [-5.57036227e-01  5.97346383e+00  0.00000000e+00]
  [ 0.00000000e+00  0.00000000e+00  7.67007695e+01]]

 [[ 6.92821503e+00  5.57036227e-01  0.00000000e+00]
  [ 5.57036227e-01  5.97346383e+00  0.00000000e+00]
  [ 0.00000000e+00  0.00000000e+00  7.67007695e+01]]

 [[ 7.78229720e+00 -1.17380125e-01  0.00000000e+00]
  [-1.17380125e-01  7.98718666e+00  0.00000000e+00]
  [ 0.00000000e+00  0.00000000e+00  4.37145801e+01]]

 [[ 7.78229720e+00  1.17380125e-01  0.00000000e+00]
  [ 1.17380125e-01  7.98718666e+00  0.00000000e+00]
  [ 0.00000000e+00  0.00000000e+00  4.37145801e+01]]

 [[-1.22965086e+01  2.29816166e-15  0.00000000e+00]
  [ 2.29816166e-15 -1.22291512e+01  0.00000000e+00]
  [ 0.00000000e+00  0.00000000e+00 -3.59062828e+01]]

 [[ 6.96822979e+00  4.46864767e-16  0.00000000e+00]
  [ 4.46864767e-16  6.96822979e+00  0.00000000e+00]
  [ 0.00000000e+00  0.00000000e+00  3.25430100e+01]]

 [[-1.10548411e+01  2.31027268e-01  0.00000000e+00]
  [ 2.31027268e-01 -1.07880738e+01  0.00000000e+00]
  [ 0.00000000e+00  0.00000000e+00 -3.29581108e+01]]

 [[-1.10548411e+01 -2.31027268e-01  0.00000000e+00]
  [-2.31027268e-01 -1.07880738e+01  0.00000000e+00]
  [ 0.00000000e+00  0.00000000e+00 -3.29581108e+01]]

 [[ 7.83431012e+00  1.47409802e-01  0.00000000e+00]
  [ 1.47409802e-01  7.93517373e+00  0.00000000e+00]
  [ 0.00000000e+00  0.00000000e+00  4.37145801e+01]]

 [[ 7.83431012e+00 -1.47409802e-01  0.00000000e+00]
  [-1.47409802e-01  7.93517373e+00  0.00000000e+00]
  [ 0.00000000e+00  0.00000000e+00  4.37145801e+01]]

 [[-2.16950045e+01  4.55999468e-01  0.00000000e+00]
  [ 4.55999468e-01 -2.39985868e+01  0.00000000e+00]
  [ 0.00000000e+00  0.00000000e+00 -5.21962659e+01]]

 [[ 5.30247389e+00 -4.07153486e-02  0.00000000e+00]
  [-4.07153486e-02  6.63590798e+00  0.00000000e+00]
  [ 0.00000000e+00  0.00000000e+00  9.59472933e+01]]

 [[ 5.30247389e+00  4.07153486e-02  0.00000000e+00]
  [ 4.07153486e-02  6.63590798e+00  0.00000000e+00]
  [ 0.00000000e+00  0.00000000e+00  9.59472933e+01]]

 [[-1.22459906e+01  2.91665760e-02  0.00000000e+00]
  [ 2.91665760e-02 -1.22796692e+01  0.00000000e+00]
  [ 0.00000000e+00  0.00000000e+00 -3.59062828e+01]]

 [[-1.22459906e+01 -2.91665760e-02  0.00000000e+00]
  [-2.91665760e-02 -1.22796692e+01  0.00000000e+00]
  [ 0.00000000e+00  0.00000000e+00 -3.59062828e+01]]

 [[ 8.26932552e+00  7.66647764e-02  0.00000000e+00]
  [ 7.66647764e-02  8.18080066e+00  0.00000000e+00]
  [ 0.00000000e+00  0.00000000e+00  4.53998943e+01]]

 [[ 8.26932552e+00 -7.66647764e-02  0.00000000e+00]
  [-7.66647764e-02  8.18080066e+00  0.00000000e+00]
  [ 0.00000000e+00  0.00000000e+00  4.53998943e+01]]

 [[ 8.03761846e+00 -3.00296768e-02  0.00000000e+00]
  [-3.00296768e-02  7.73186539e+00  0.00000000e+00]
  [ 0.00000000e+00  0.00000000e+00  4.37145801e+01]]

 [[ 8.03761846e+00  3.00296768e-02  0.00000000e+00]
  [ 3.00296768e-02  7.73186539e+00  0.00000000e+00]
  [ 0.00000000e+00  0.00000000e+00  4.37145801e+01]]

 [[-1.06546902e+01 -2.42583731e-15  0.00000000e+00]
  [-2.42583731e-15 -1.11882248e+01  0.00000000e+00]
  [ 0.00000000e+00  0.00000000e+00 -3.29581108e+01]]

 [[ 5.48933481e+00 -1.27675648e-15  0.00000000e+00]
  [-1.27675648e-15  6.86978294e+00  0.00000000e+00]
  [ 0.00000000e+00  0.00000000e+00  9.88467656e+01]]

 [[-2.38764076e+01 -6.07347935e-02  0.00000000e+00]
  [-6.07347935e-02 -2.68440204e+01  0.00000000e+00]
  [ 0.00000000e+00  0.00000000e+00 -5.70438816e+01]]

 [[-2.38764076e+01  6.07347935e-02  0.00000000e+00]
  [ 6.07347935e-02 -2.68440204e+01  0.00000000e+00]
  [ 0.00000000e+00  0.00000000e+00 -5.70438816e+01]]]
===================Hydrogen===================
[[[ 1.35778160e+01  3.85786781e-15  0.00000000e+00]
  [ 3.85786781e-15  4.10882687e+00  0.00000000e+00]
  [ 0.00000000e+00  0.00000000e+00  9.65238952e+00]]

 [[-1.48037632e+01 -9.37269685e+00  0.00000000e+00]
  [-9.37269685e+00 -2.56264213e+01  0.00000000e+00]
  [ 0.00000000e+00  0.00000000e+00 -2.20645541e+01]]

 [[-1.48037632e+01  9.37269685e+00  0.00000000e+00]
  [ 9.37269685e+00 -2.56264213e+01  0.00000000e+00]
  [ 0.00000000e+00  0.00000000e+00 -2.20645541e+01]]

 [[-1.90716144e+01 -1.20747987e+01  0.00000000e+00]
  [-1.20747987e+01 -3.30143910e+01  0.00000000e+00]
  [ 0.00000000e+00  0.00000000e+00 -2.84256552e+01]]

 [[-1.90716144e+01  1.20747987e+01  0.00000000e+00]
  [ 1.20747987e+01 -3.30143910e+01  0.00000000e+00]
  [ 0.00000000e+00  0.00000000e+00 -2.84256552e+01]]

 [[-1.96400516e+01 -1.24346930e+01  0.00000000e+00]
  [-1.24346930e+01 -3.39983983e+01  0.00000000e+00]
  [ 0.00000000e+00  0.00000000e+00 -2.92728934e+01]]

 [[-1.96400516e+01  1.24346930e+01  0.00000000e+00]
  [ 1.24346930e+01 -3.39983983e+01  0.00000000e+00]
  [ 0.00000000e+00  0.00000000e+00 -2.92728934e+01]]

 [[-1.90716144e+01 -1.20747987e+01  0.00000000e+00]
  [-1.20747987e+01 -3.30143910e+01  0.00000000e+00]
  [ 0.00000000e+00  0.00000000e+00 -2.84256552e+01]]

 [[-1.90716144e+01  1.20747987e+01  0.00000000e+00]
  [ 1.20747987e+01 -3.30143910e+01  0.00000000e+00]
  [ 0.00000000e+00  0.00000000e+00 -2.84256552e+01]]

 [[ 6.47607416e+00 -4.10019258e+00  0.00000000e+00]
  [-4.10019258e+00  1.12105687e+01  0.00000000e+00]
  [ 0.00000000e+00  0.00000000e+00  9.65238952e+00]]

 [[ 6.47607416e+00  4.10019258e+00  0.00000000e+00]
  [ 4.10019258e+00  1.12105687e+01  0.00000000e+00]
  [ 0.00000000e+00  0.00000000e+00  9.65238952e+00]]

 [[-3.10377503e+01 -1.76375254e-14  0.00000000e+00]
  [-1.76375254e-14 -9.39243412e+00  0.00000000e+00]
  [ 0.00000000e+00  0.00000000e+00 -2.20645541e+01]]

 [[-3.10377503e+01  2.64562882e-14  0.00000000e+00]
  [ 2.64562882e-14 -9.39243412e+00  0.00000000e+00]
  [ 0.00000000e+00  0.00000000e+00 -2.20645541e+01]]

 [[-1.48037632e+01 -9.37269685e+00  0.00000000e+00]
  [-9.37269685e+00 -2.56264213e+01  0.00000000e+00]
  [ 0.00000000e+00  0.00000000e+00 -2.20645541e+01]]

 [[-1.48037632e+01  9.37269685e+00  0.00000000e+00]
  [ 9.37269685e+00 -2.56264213e+01  0.00000000e+00]
  [ 0.00000000e+00  0.00000000e+00 -2.20645541e+01]]

 [[-3.99857793e+01  2.27223363e-14  0.00000000e+00]
  [ 2.27223363e-14 -1.21002261e+01  0.00000000e+00]
  [ 0.00000000e+00  0.00000000e+00 -2.84256552e+01]]

 [[-3.99857793e+01 -1.13611681e-14  0.00000000e+00]
  [-1.13611681e-14 -1.21002261e+01  0.00000000e+00]
  [ 0.00000000e+00  0.00000000e+00 -2.84256552e+01]]

 [[-4.11775717e+01  1.16997924e-14  0.00000000e+00]
  [ 1.16997924e-14 -1.24608783e+01  0.00000000e+00]
  [ 0.00000000e+00  0.00000000e+00 -2.92728934e+01]]]