====================Carbon====================
[[[-1.44561069e+01  2.55351296e-15  0.00000000e+00]
  [ 2.55351296e-15 -1.81017162e+01  0.00000000e+00]
  [ 0.00000000e+00  0.00000000e+00 -4.98546293e+01]]

 [[ 6.64131848e+00 -6.88015450e-01  0.00000000e+00]
  [-6.88015450e-01  6.16225834e+00  0.00000000e+00]
  [ 0.00000000e+00  0.00000000e+00  7.65051805e+01]]

 [[ 6.64131848e+00  6.88015450e-01  0.00000000e+00]
  [ 6.88015450e-01  6.16225834e+00  0.00000000e+00]
  [ 0.00000000e+00  0.00000000e+00  7.65051805e+01]]

 [[ 8.02797434e+00  1.65978342e-15  0.00000000e+00]
  [ 1.65978342e-15  8.21307697e+00  0.00000000e+00]
  [ 0.00000000e+00  0.00000000e+00  4.45647064e+01]]

 [[-2.28546323e+01  1.22447067e+00  0.00000000e+00]
  [ 1.22447067e+00 -2.24611396e+01  0.00000000e+00]
  [ 0.00000000e+00  0.00000000e+00 -5.17218965e+01]]

 [[-2.28546323e+01 -1.22447067e+00  0.00000000e+00]
  [-1.22447067e+00 -2.24611396e+01  0.00000000e+00]
  [ 0.00000000e+00  0.00000000e+00 -5.17218965e+01]]

 [[ 6.25689762e+00 -5.51446850e-01  0.00000000e+00]
  [-5.51446850e-01  5.53340599e+00  0.00000000e+00]
  [ 0.00000000e+00  0.00000000e+00  9.51055262e+01]]

 [[ 6.25689762e+00  5.51446850e-01  0.00000000e+00]
  [ 5.51446850e-01  5.53340599e+00  0.00000000e+00]
  [ 0.00000000e+00  0.00000000e+00  9.51055262e+01]]

 [[-2.60708720e+01  1.28247171e+00  0.00000000e+00]
  [ 1.28247171e+00 -2.45900012e+01  0.00000000e+00]
  [ 0.00000000e+00  0.00000000e+00 -5.70796738e+01]]

 [[-2.60708720e+01 -1.28247171e+00  0.00000000e+00]
  [-1.28247171e+00 -2.45900012e+01  0.00000000e+00]
  [ 0.00000000e+00  0.00000000e+00 -5.70796738e+01]]

 [[-2.57385784e+01  1.29321652e+00  0.00000000e+00]
  [ 1.29321652e+00 -2.43489023e+01  0.00000000e+00]
  [ 0.00000000e+00  0.00000000e+00 -5.62760096e+01]]

 [[-2.57385784e+01 -1.29321652e+00  0.00000000e+00]
  [-1.29321652e+00 -2.43489023e+01  0.00000000e+00]
  [ 0.00000000e+00  0.00000000e+00 -5.62760096e+01]]

 [[ 6.49483584e+00 -5.89004490e-01  0.00000000e+00]
  [-5.89004490e-01  5.79067631e+00  0.00000000e+00]
  [ 0.00000000e+00  0.00000000e+00  9.73600569e+01]]

 [[ 6.49483584e+00  5.89004490e-01  0.00000000e+00]
  [ 5.89004490e-01  5.79067631e+00  0.00000000e+00]
  [ 0.00000000e+00  0.00000000e+00  9.73600569e+01]]

 [[-2.58162797e+01  1.24835567e+00  0.00000000e+00]
  [ 1.24835567e+00 -2.42712010e+01  0.00000000e+00]
  [ 0.00000000e+00  0.00000000e+00 -5.62760096e+01]]

 [[-2.58162797e+01 -1.24835567e+00  0.00000000e+00]
  [-1.24835567e+00 -2.42712010e+01  0.00000000e+00]
  [ 0.00000000e+00  0.00000000e+00 -5.62760096e+01]]

 [[ 6.47680904e+00 -5.99412269e-01  0.00000000e+00]
  [-5.99412269e-01  5.80870311e+00  0.00000000e+00]
  [ 0.00000000e+00  0.00000000e+00  9.73600569e+01]]

 [[ 6.47680904e+00  5.99412269e-01  0.00000000e+00]
  [ 5.99412269e-01  5.80870311e+00  0.00000000e+00]
  [ 0.00000000e+00  0.00000000e+00  9.73600569e+01]]

 [[-1.20520114e+01  2.38849990e-02  0.00000000e+00]
  [ 2.38849990e-02 -1.20795915e+01  0.00000000e+00]
  [ 0.00000000e+00  0.00000000e+00 -3.52702900e+01]]

 [[ 6.19184588e+00 -5.89004490e-01  0.00000000e+00]
  [-5.89004490e-01  5.59845773e+00  0.00000000e+00]
  [ 0.00000000e+00  0.00000000e+00  9.51055262e+01]]

 [[ 6.19184588e+00  5.89004490e-01  0.00000000e+00]
  [ 5.89004490e-01  5.59845773e+00  0.00000000e+00]
  [ 0.00000000e+00  0.00000000e+00  9.51055262e+01]]

 [[-1.71903139e+01 -1.57859514e+00  0.00000000e+00]
  [-1.57859514e+00 -1.53675092e+01  0.00000000e+00]
  [ 0.00000000e+00  0.00000000e+00 -4.98546293e+01]]

 [[-1.71903139e+01  1.57859514e+00  0.00000000e+00]
  [ 1.57859514e+00 -1.53675092e+01  0.00000000e+00]
  [ 0.00000000e+00  0.00000000e+00 -4.98546293e+01]]

 [[ 5.68618452e+00  1.36568601e-01  0.00000000e+00]
  [ 1.36568601e-01  7.11739230e+00  0.00000000e+00]
  [ 0.00000000e+00  0.00000000e+00  7.65051805e+01]]

 [[ 5.68618452e+00 -1.36568601e-01  0.00000000e+00]
  [-1.36568601e-01  7.11739230e+00  0.00000000e+00]
  [ 0.00000000e+00  0.00000000e+00  7.65051805e+01]]

 [[-2.36199355e+01  7.82622673e-01  0.00000000e+00]
  [ 7.82622673e-01 -2.16958365e+01  0.00000000e+00]
  [ 0.00000000e+00  0.00000000e+00 -5.17218965e+01]]

 [[-2.36199355e+01 -7.82622673e-01  0.00000000e+00]
  [-7.82622673e-01 -2.16958365e+01  0.00000000e+00]
  [ 0.00000000e+00  0.00000000e+00 -5.17218965e+01]]

 [[ 6.87786223e+00 -5.51446850e-01  0.00000000e+00]
  [-5.51446850e-01  5.92571458e+00  0.00000000e+00]
  [ 0.00000000e+00  0.00000000e+00  7.65051805e+01]]

 [[ 6.87786223e+00  5.51446850e-01  0.00000000e+00]
  [ 5.51446850e-01  5.92571458e+00  0.00000000e+00]
  [ 0.00000000e+00  0.00000000e+00  7.65051805e+01]]

 [[ 7.57392407e+00 -1.17709430e-01  0.00000000e+00]
  [-1.17709430e-01  7.80461242e+00  0.00000000e+00]
  [ 0.00000000e+00  0.00000000e+00  4.29978336e+01]]

 [[ 7.57392407e+00  1.17709430e-01  0.00000000e+00]
  [ 1.17709430e-01  7.80461242e+00  0.00000000e+00]
  [ 0.00000000e+00  0.00000000e+00  4.29978336e+01]]

 [[-1.20933815e+01  1.02140518e-15  0.00000000e+00]
  [ 1.02140518e-15 -1.20382214e+01  0.00000000e+00]
  [ 0.00000000e+00  0.00000000e+00 -3.52702900e+01]]

 [[ 6.36710336e+00  7.02216063e-16  0.00000000e+00]
  [ 7.02216063e-16  6.47342151e+00  0.00000000e+00]
  [ 0.00000000e+00  0.00000000e+00  3.11679324e+01]]

 [[-1.09102516e+01  2.46987453e-01  0.00000000e+00]
  [ 2.46987453e-01 -1.06498691e+01  0.00000000e+00]
  [ 0.00000000e+00  0.00000000e+00 -3.19114230e+01]]

 [[-1.09102516e+01 -2.46987453e-01  0.00000000e+00]
  [-2.46987453e-01 -1.06498691e+01  0.00000000e+00]
  [ 0.00000000e+00  0.00000000e+00 -3.19114230e+01]]

 [[ 7.43382845e+00  1.69153478e-01  0.00000000e+00]
  [ 1.69153478e-01  7.62915006e+00  0.00000000e+00]
  [ 0.00000000e+00  0.00000000e+00  4.32721097e+01]]

 [[ 7.43382845e+00 -1.69153478e-01  0.00000000e+00]
  [-1.69153478e-01  7.62915006e+00  0.00000000e+00]
  [ 0.00000000e+00  0.00000000e+00  4.32721097e+01]]

 [[-1.20520114e+01 -2.38849990e-02  0.00000000e+00]
  [-2.38849990e-02 -1.20795915e+01  0.00000000e+00]
  [ 0.00000000e+00  0.00000000e+00 -3.52702900e+01]]

 [[-1.09288621e+01  2.36242639e-01  0.00000000e+00]
  [ 2.36242639e-01 -1.06312586e+01  0.00000000e+00]
  [ 0.00000000e+00  0.00000000e+00 -3.19114230e+01]]

 [[-1.09288621e+01 -2.36242639e-01  0.00000000e+00]
  [-2.36242639e-01 -1.06312586e+01  0.00000000e+00]
  [ 0.00000000e+00  0.00000000e+00 -3.19114230e+01]]

 [[ 7.64500098e+00  1.58745699e-01  0.00000000e+00]
  [ 1.58745699e-01  7.73353552e+00  0.00000000e+00]
  [ 0.00000000e+00  0.00000000e+00  4.29978336e+01]]

 [[ 7.64500098e+00 -1.58745699e-01  0.00000000e+00]
  [-1.58745699e-01  7.73353552e+00  0.00000000e+00]
  [ 0.00000000e+00  0.00000000e+00  4.29978336e+01]]

 [[-2.14990901e+01 -4.41847997e-01  0.00000000e+00]
  [-4.41847997e-01 -2.38166819e+01  0.00000000e+00]
  [ 0.00000000e+00  0.00000000e+00 -5.17218965e+01]]

 [[-2.14990901e+01  4.41847997e-01  0.00000000e+00]
  [ 4.41847997e-01 -2.38166819e+01  0.00000000e+00]
  [ 0.00000000e+00  0.00000000e+00 -5.17218965e+01]]

 [[ 8.16680131e+00  8.01517895e-02  0.00000000e+00]
  [ 8.01517895e-02  8.07425000e+00  0.00000000e+00]
  [ 0.00000000e+00  0.00000000e+00  4.45647064e+01]]

 [[ 8.16680131e+00 -8.01517895e-02  0.00000000e+00]
  [-8.01517895e-02  8.07425000e+00  0.00000000e+00]
  [ 0.00000000e+00  0.00000000e+00  4.45647064e+01]]

 [[ 6.44684197e+00 -4.60371117e-02  0.00000000e+00]
  [-4.60371117e-02  6.39368289e+00  0.00000000e+00]
  [ 0.00000000e+00  0.00000000e+00  3.11679324e+01]]

 [[ 6.44684197e+00  4.60371117e-02  0.00000000e+00]
  [ 4.60371117e-02  6.39368289e+00  0.00000000e+00]
  [ 0.00000000e+00  0.00000000e+00  3.11679324e+01]]

 [[-8.28895481e+00 -7.02216063e-16  0.00000000e+00]
  [-7.02216063e-16 -8.28895481e+00  0.00000000e+00]
  [ 0.00000000e+00  0.00000000e+00 -2.68596210e+01]]

 [[-2.38495658e+01  1.78745907e-15  0.00000000e+00]
  [ 1.78745907e-15 -2.68113074e+01  0.00000000e+00]
  [ 0.00000000e+00  0.00000000e+00 -5.70796738e+01]]

 [[ 7.72681087e+00 -8.29891711e-16  0.00000000e+00]
  [-8.29891711e-16  7.33616764e+00  0.00000000e+00]
  [ 0.00000000e+00  0.00000000e+00  4.32721097e+01]]

 [[-1.05010673e+01 -1.07448139e-02  0.00000000e+00]
  [-1.07448139e-02 -1.10590534e+01  0.00000000e+00]
  [ 0.00000000e+00  0.00000000e+00 -3.19114230e+01]]

 [[-1.05010673e+01  1.07448139e-02  0.00000000e+00]
  [ 1.07448139e-02 -1.10590534e+01  0.00000000e+00]
  [ 0.00000000e+00  0.00000000e+00 -3.19114230e+01]]

 [[ 7.84887969e+00  4.10362688e-02  0.00000000e+00]
  [ 4.10362688e-02  7.52965680e+00  0.00000000e+00]
  [ 0.00000000e+00  0.00000000e+00  4.29978336e+01]]

 [[ 7.84887969e+00 -4.10362688e-02  0.00000000e+00]
  [-4.10362688e-02  7.52965680e+00  0.00000000e+00]
  [ 0.00000000e+00  0.00000000e+00  4.29978336e+01]]

 [[ 5.45662334e+00 -1.04077786e-02  0.00000000e+00]
  [-1.04077786e-02  6.82888881e+00  0.00000000e+00]
  [ 0.00000000e+00  0.00000000e+00  9.73600569e+01]]

 [[ 5.45662334e+00  1.04077786e-02  0.00000000e+00]
  [ 1.04077786e-02  6.82888881e+00  0.00000000e+00]
  [ 0.00000000e+00  0.00000000e+00  9.73600569e+01]]

 [[-2.35763630e+01 -4.48608539e-02  0.00000000e+00]
  [-4.48608539e-02 -2.65111178e+01  0.00000000e+00]
  [ 0.00000000e+00  0.00000000e+00 -5.62760096e+01]]

 [[-2.35763630e+01  4.48608539e-02  0.00000000e+00]
  [ 4.48608539e-02 -2.65111178e+01  0.00000000e+00]
  [ 0.00000000e+00  0.00000000e+00 -5.62760096e+01]]

 [[ 5.23671192e+00 -3.75576407e-02  0.00000000e+00]
  [-3.75576407e-02  6.55359169e+00  0.00000000e+00]
  [ 0.00000000e+00  0.00000000e+00  9.51055262e+01]]

 [[ 5.23671192e+00  3.75576407e-02  0.00000000e+00]
  [ 3.75576407e-02  6.55359169e+00  0.00000000e+00]
  [ 0.00000000e+00  0.00000000e+00  9.51055262e+01]]]
===================Hydrogen===================
[[[ 1.35008538e+01  3.83600053e-15  0.00000000e+00]
  [ 3.83600053e-15  4.08553710e+00  0.00000000e+00]
  [ 0.00000000e+00  0.00000000e+00  9.59767755e+00]]

 [[-1.47745989e+01 -9.35423211e+00  0.00000000e+00]
  [-9.35423211e+00 -2.55759358e+01  0.00000000e+00]
  [ 0.00000000e+00  0.00000000e+00 -2.20210857e+01]]

 [[-1.47745989e+01  9.35423211e+00  0.00000000e+00]
  [ 9.35423211e+00 -2.55759358e+01  0.00000000e+00]
  [ 0.00000000e+00  0.00000000e+00 -2.20210857e+01]]

 [[-1.89100018e+01 -1.19724770e+01  0.00000000e+00]
  [-1.19724770e+01 -3.27346275e+01  0.00000000e+00]
  [ 0.00000000e+00  0.00000000e+00 -2.81847766e+01]]

 [[-1.89100018e+01  1.19724770e+01  0.00000000e+00]
  [ 1.19724770e+01 -3.27346275e+01  0.00000000e+00]
  [ 0.00000000e+00  0.00000000e+00 -2.81847766e+01]]

 [[-1.93298695e+01 -1.22383076e+01  0.00000000e+00]
  [-1.22383076e+01 -3.34614499e+01  0.00000000e+00]
  [ 0.00000000e+00  0.00000000e+00 -2.88105765e+01]]

 [[-1.93298695e+01  1.22383076e+01  0.00000000e+00]
  [ 1.22383076e+01 -3.34614499e+01  0.00000000e+00]
  [ 0.00000000e+00  0.00000000e+00 -2.88105765e+01]]

 [[-1.93298695e+01 -1.22383076e+01  0.00000000e+00]
  [-1.22383076e+01 -3.34614499e+01  0.00000000e+00]
  [ 0.00000000e+00  0.00000000e+00 -2.88105765e+01]]

 [[-1.93298695e+01  1.22383076e+01  0.00000000e+00]
  [ 1.22383076e+01 -3.34614499e+01  0.00000000e+00]
  [ 0.00000000e+00  0.00000000e+00 -2.88105765e+01]]

 [[-1.89100018e+01 -1.19724770e+01  0.00000000e+00]
  [-1.19724770e+01 -3.27346275e+01  0.00000000e+00]
  [ 0.00000000e+00  0.00000000e+00 -2.81847766e+01]]

 [[-1.89100018e+01  1.19724770e+01  0.00000000e+00]
  [ 1.19724770e+01 -3.27346275e+01  0.00000000e+00]
  [ 0.00000000e+00  0.00000000e+00 -2.81847766e+01]]

 [[ 6.43936628e+00 -4.07695174e+00  0.00000000e+00]
  [-4.07695174e+00  1.11470247e+01  0.00000000e+00]
  [ 0.00000000e+00  0.00000000e+00  9.59767755e+00]]

 [[ 6.43936628e+00  4.07695174e+00  0.00000000e+00]
  [ 4.07695174e+00  1.11470247e+01  0.00000000e+00]
  [ 0.00000000e+00  0.00000000e+00  9.59767755e+00]]

 [[-3.09766042e+01  0.00000000e+00  0.00000000e+00]
  [ 0.00000000e+00 -9.37393050e+00  0.00000000e+00]
  [ 0.00000000e+00  0.00000000e+00 -2.20210857e+01]]

 [[-3.09766042e+01  1.76027785e-14  0.00000000e+00]
  [ 1.76027785e-14 -9.37393050e+00  0.00000000e+00]
  [ 0.00000000e+00  0.00000000e+00 -2.20210857e+01]]

 [[-1.47745989e+01 -9.35423211e+00  0.00000000e+00]
  [-9.35423211e+00 -2.55759358e+01  0.00000000e+00]
  [ 0.00000000e+00  0.00000000e+00 -2.20210857e+01]]

 [[-1.47745989e+01  9.35423211e+00  0.00000000e+00]
  [ 9.35423211e+00 -2.55759358e+01  0.00000000e+00]
  [ 0.00000000e+00  0.00000000e+00 -2.20210857e+01]]

 [[-4.05272401e+01 -5.75750676e-15  0.00000000e+00]
  [-5.75750676e-15 -1.22640794e+01  0.00000000e+00]
  [ 0.00000000e+00  0.00000000e+00 -2.88105765e+01]]

 [[-4.05272401e+01  9.41352354e-15  0.00000000e+00]
  [ 9.41352354e-15 -1.22640794e+01  0.00000000e+00]
  [ 0.00000000e+00  0.00000000e+00 -2.88105765e+01]]

 [[-3.96469404e+01  1.12648938e-14  0.00000000e+00]
  [ 1.12648938e-14 -1.19976890e+01  0.00000000e+00]
  [ 0.00000000e+00  0.00000000e+00 -2.81847766e+01]]

 [[-3.96469404e+01 -1.12648938e-14  0.00000000e+00]
  [-1.12648938e-14 -1.19976890e+01  0.00000000e+00]
  [ 0.00000000e+00  0.00000000e+00 -2.81847766e+01]]]