====================Carbon====================
[[[-1.44502743e+01  1.78745907e-15  0.00000000e+00]
  [ 1.78745907e-15 -1.80944161e+01  0.00000000e+00]
  [ 0.00000000e+00  0.00000000e+00 -4.97644796e+01]]

 [[ 6.61478681e+00 -6.86127820e-01  0.00000000e+00]
  [-6.86127820e-01  6.14009442e+00  0.00000000e+00]
  [ 0.00000000e+00  0.00000000e+00  7.64477361e+01]]

 [[ 6.61478681e+00  6.86127820e-01  0.00000000e+00]
  [ 6.86127820e-01  6.14009442e+00  0.00000000e+00]
  [ 0.00000000e+00  0.00000000e+00  7.64477361e+01]]

 [[ 7.95162310e+00  3.00037772e-15  0.00000000e+00]
  [ 3.00037772e-15  8.14861057e+00  0.00000000e+00]
  [ 0.00000000e+00  0.00000000e+00  4.42490263e+01]]

 [[-2.28023592e+01  1.22448242e+00  0.00000000e+00]
  [ 1.22448242e+00 -2.23981636e+01  0.00000000e+00]
  [ 0.00000000e+00  0.00000000e+00 -5.15280347e+01]]

 [[-2.28023592e+01 -1.22448242e+00  0.00000000e+00]
  [-1.22448242e+00 -2.23981636e+01  0.00000000e+00]
  [ 0.00000000e+00  0.00000000e+00 -5.15280347e+01]]

 [[ 6.20577909e+00 -5.48611743e-01  0.00000000e+00]
  [-5.48611743e-01  5.49295956e+00  0.00000000e+00]
  [ 0.00000000e+00  0.00000000e+00  9.48205006e+01]]

 [[ 6.20577909e+00  5.48611743e-01  0.00000000e+00]
  [ 5.48611743e-01  5.49295956e+00  0.00000000e+00]
  [ 0.00000000e+00  0.00000000e+00  9.48205006e+01]]

 [[-2.56728205e+01  1.26119801e+00  0.00000000e+00]
  [ 1.26119801e+00 -2.41559304e+01  0.00000000e+00]
  [ 0.00000000e+00  0.00000000e+00 -5.61031208e+01]]

 [[-2.56728205e+01 -1.26119801e+00  0.00000000e+00]
  [-1.26119801e+00 -2.41559304e+01  0.00000000e+00]
  [ 0.00000000e+00  0.00000000e+00 -5.61031208e+01]]

 [[-2.55459708e+01  1.29502480e+00  0.00000000e+00]
  [ 1.29502480e+00 -2.41282508e+01  0.00000000e+00]
  [ 0.00000000e+00  0.00000000e+00 -5.57604046e+01]]

 [[-2.55459708e+01 -1.29502480e+00  0.00000000e+00]
  [-1.29502480e+00 -2.41282508e+01  0.00000000e+00]
  [ 0.00000000e+00  0.00000000e+00 -5.57604046e+01]]

 [[ 6.39928677e+00 -5.82965783e-01  0.00000000e+00]
  [-5.82965783e-01  5.71296213e+00  0.00000000e+00]
  [ 0.00000000e+00  0.00000000e+00  9.65361219e+01]]

 [[ 6.39928677e+00  5.82965783e-01  0.00000000e+00]
  [ 5.82965783e-01  5.71296213e+00  0.00000000e+00]
  [ 0.00000000e+00  0.00000000e+00  9.65361219e+01]]

 [[-2.56273824e+01  1.28743171e+00  0.00000000e+00]
  [ 1.28743171e+00 -2.42013685e+01  0.00000000e+00]
  [ 0.00000000e+00  0.00000000e+00 -5.61031208e+01]]

 [[-2.56273824e+01 -1.28743171e+00  0.00000000e+00]
  [-1.28743171e+00 -2.42013685e+01  0.00000000e+00]
  [ 0.00000000e+00  0.00000000e+00 -5.61031208e+01]]

 [[ 6.42517607e+00 -5.88670177e-01  0.00000000e+00]
  [-5.88670177e-01  5.74543830e+00  0.00000000e+00]
  [ 0.00000000e+00  0.00000000e+00  9.54306710e+01]]

 [[ 6.42517607e+00  5.88670177e-01  0.00000000e+00]
  [ 5.88670177e-01  5.74543830e+00  0.00000000e+00]
  [ 0.00000000e+00  0.00000000e+00  9.54306710e+01]]

 [[-1.06500585e+01  2.30924101e-01  0.00000000e+00]
  [ 2.30924101e-01 -1.03658749e+01  0.00000000e+00]
  [ 0.00000000e+00  0.00000000e+00 -3.09976717e+01]]

 [[ 6.38940647e+00 -5.88670177e-01  0.00000000e+00]
  [-5.88670177e-01  5.72284243e+00  0.00000000e+00]
  [ 0.00000000e+00  0.00000000e+00  9.65361219e+01]]

 [[ 6.38940647e+00  5.88670177e-01  0.00000000e+00]
  [ 5.88670177e-01  5.72284243e+00  0.00000000e+00]
  [ 0.00000000e+00  0.00000000e+00  9.65361219e+01]]

 [[-2.35596454e+01 -7.87263015e-01  0.00000000e+00]
  [-7.87263015e-01 -2.16408774e+01  0.00000000e+00]
  [ 0.00000000e+00  0.00000000e+00 -5.15280347e+01]]

 [[-2.56042052e+01  1.26140318e+00  0.00000000e+00]
  [ 1.26140318e+00 -2.40700165e+01  0.00000000e+00]
  [ 0.00000000e+00  0.00000000e+00 -5.57604046e+01]]

 [[-2.56042052e+01 -1.26140318e+00  0.00000000e+00]
  [-1.26140318e+00 -2.40700165e+01  0.00000000e+00]
  [ 0.00000000e+00  0.00000000e+00 -5.57604046e+01]]

 [[ 6.14627615e+00 -5.82965783e-01  0.00000000e+00]
  [-5.82965783e-01  5.55246250e+00  0.00000000e+00]
  [ 0.00000000e+00  0.00000000e+00  9.48205006e+01]]

 [[ 6.14627615e+00  5.82965783e-01  0.00000000e+00]
  [ 5.82965783e-01  5.55246250e+00  0.00000000e+00]
  [ 0.00000000e+00  0.00000000e+00  9.48205006e+01]]

 [[-1.71833806e+01 -1.57795970e+00  0.00000000e+00]
  [-1.57795970e+00 -1.53613097e+01  0.00000000e+00]
  [ 0.00000000e+00  0.00000000e+00 -4.97644796e+01]]

 [[-1.71833806e+01  1.57795970e+00  0.00000000e+00]
  [ 1.57795970e+00 -1.53613097e+01  0.00000000e+00]
  [ 0.00000000e+00  0.00000000e+00 -4.97644796e+01]]

 [[ 5.66456340e+00  1.37516077e-01  0.00000000e+00]
  [ 1.37516077e-01  7.09031784e+00  0.00000000e+00]
  [ 0.00000000e+00  0.00000000e+00  7.64477361e+01]]

 [[ 5.66456340e+00 -1.37516077e-01  0.00000000e+00]
  [-1.37516077e-01  7.09031784e+00  0.00000000e+00]
  [ 0.00000000e+00  0.00000000e+00  7.64477361e+01]]

 [[-2.35596454e+01  7.87263015e-01  0.00000000e+00]
  [ 7.87263015e-01 -2.16408774e+01  0.00000000e+00]
  [ 0.00000000e+00  0.00000000e+00 -5.15280347e+01]]

 [[ 6.85297164e+00 -5.48611743e-01  0.00000000e+00]
  [-5.48611743e-01  5.90190959e+00  0.00000000e+00]
  [ 0.00000000e+00  0.00000000e+00  7.64477361e+01]]

 [[ 6.85297164e+00  5.48611743e-01  0.00000000e+00]
  [ 5.48611743e-01  5.90190959e+00  0.00000000e+00]
  [ 0.00000000e+00  0.00000000e+00  7.64477361e+01]]

 [[ 7.42537979e+00 -1.19652115e-01  0.00000000e+00]
  [-1.19652115e-01  7.67070823e+00  0.00000000e+00]
  [ 0.00000000e+00  0.00000000e+00  4.20284155e+01]]

 [[ 7.42537979e+00  1.19652115e-01  0.00000000e+00]
  [ 1.19652115e-01  7.67070823e+00  0.00000000e+00]
  [ 0.00000000e+00  0.00000000e+00  4.20284155e+01]]

 [[-1.18924071e+01  1.53210777e-15  0.00000000e+00]
  [ 1.53210777e-15 -1.18071423e+01  0.00000000e+00]
  [ 0.00000000e+00  0.00000000e+00 -3.46586753e+01]]

 [[ 6.02593298e+00 -2.61735078e-15  0.00000000e+00]
  [-2.61735078e-15  6.18153604e+00  0.00000000e+00]
  [ 0.00000000e+00  0.00000000e+00  3.02152955e+01]]

 [[-1.06369069e+01  2.38517191e-01  0.00000000e+00]
  [ 2.38517191e-01 -1.03790265e+01  0.00000000e+00]
  [ 0.00000000e+00  0.00000000e+00 -3.09976717e+01]]

 [[-1.06369069e+01 -2.38517191e-01  0.00000000e+00]
  [-2.38517191e-01 -1.03790265e+01  0.00000000e+00]
  [ 0.00000000e+00  0.00000000e+00 -3.09976717e+01]]

 [[ 7.16611613e+00  1.71760783e-01  0.00000000e+00]
  [ 1.71760783e-01  7.39118645e+00  0.00000000e+00]
  [ 0.00000000e+00  0.00000000e+00  4.20289728e+01]]

 [[ 7.16611613e+00 -1.71760783e-01  0.00000000e+00]
  [-1.71760783e-01  7.39118645e+00  0.00000000e+00]
  [ 0.00000000e+00  0.00000000e+00  4.20289728e+01]]

 [[-1.06500585e+01 -2.30924101e-01  0.00000000e+00]
  [-2.30924101e-01 -1.03658749e+01  0.00000000e+00]
  [ 0.00000000e+00  0.00000000e+00 -3.09976717e+01]]

 [[-1.04862244e+01  2.81884480e-01  0.00000000e+00]
  [ 2.81884480e-01 -1.01607322e+01  0.00000000e+00]
  [ 0.00000000e+00  0.00000000e+00 -3.02682113e+01]]

 [[-1.04862244e+01 -2.81884480e-01  0.00000000e+00]
  [-2.81884480e-01 -1.01607322e+01  0.00000000e+00]
  [ 0.00000000e+00  0.00000000e+00 -3.02682113e+01]]

 [[ 7.18616967e+00  1.83338697e-01  0.00000000e+00]
  [ 1.83338697e-01  7.37113291e+00  0.00000000e+00]
  [ 0.00000000e+00  0.00000000e+00  4.20289728e+01]]

 [[ 7.18616967e+00 -1.83338697e-01  0.00000000e+00]
  [-1.83338697e-01  7.37113291e+00  0.00000000e+00]
  [ 0.00000000e+00  0.00000000e+00  4.20289728e+01]]

 [[-1.18284585e+01  3.69207527e-02  0.00000000e+00]
  [ 3.69207527e-02 -1.18710909e+01  0.00000000e+00]
  [ 0.00000000e+00  0.00000000e+00 -3.46586753e+01]]

 [[-1.18284585e+01 -3.69207527e-02  0.00000000e+00]
  [-3.69207527e-02 -1.18710909e+01  0.00000000e+00]
  [ 0.00000000e+00  0.00000000e+00 -3.46586753e+01]]

 [[ 7.50575435e+00  1.66056389e-01  0.00000000e+00]
  [ 1.66056389e-01  7.59033367e+00  0.00000000e+00]
  [ 0.00000000e+00  0.00000000e+00  4.20284155e+01]]

 [[ 7.50575435e+00 -1.66056389e-01  0.00000000e+00]
  [-1.66056389e-01  7.59033367e+00  0.00000000e+00]
  [ 0.00000000e+00  0.00000000e+00  4.20284155e+01]]

 [[-2.33611565e+01 -3.36216211e-02  0.00000000e+00]
  [-3.36216211e-02 -2.63130652e+01  0.00000000e+00]
  [ 0.00000000e+00  0.00000000e+00 -5.57604046e+01]]

 [[-2.33611565e+01  3.36216211e-02  0.00000000e+00]
  [ 3.36216211e-02 -2.63130652e+01  0.00000000e+00]
  [ 0.00000000e+00  0.00000000e+00 -5.57604046e+01]]

 [[ 8.09936370e+00  8.52980752e-02  0.00000000e+00]
  [ 8.52980752e-02  8.00086997e+00  0.00000000e+00]
  [ 0.00000000e+00  0.00000000e+00  4.42490263e+01]]

 [[ 8.09936370e+00 -8.52980752e-02  0.00000000e+00]
  [-8.52980752e-02  8.00086997e+00  0.00000000e+00]
  [ 0.00000000e+00  0.00000000e+00  4.42490263e+01]]

 [[-2.14387796e+01 -4.37219409e-01  0.00000000e+00]
  [-4.37219409e-01 -2.37617432e+01  0.00000000e+00]
  [ 0.00000000e+00  0.00000000e+00 -5.15280347e+01]]

 [[-2.14387796e+01  4.37219409e-01  0.00000000e+00]
  [ 4.37219409e-01 -2.37617432e+01  0.00000000e+00]
  [ 0.00000000e+00  0.00000000e+00 -5.15280347e+01]]

 [[ 5.66419117e+00 -5.58001863e-02  0.00000000e+00]
  [-5.58001863e-02  5.72862368e+00  0.00000000e+00]
  [ 0.00000000e+00  0.00000000e+00  2.78302303e+01]]

 [[ 5.66419117e+00  5.58001863e-02  0.00000000e+00]
  [ 5.58001863e-02  5.72862368e+00  0.00000000e+00]
  [ 0.00000000e+00  0.00000000e+00  2.78302303e+01]]

 [[-7.69077327e+00 -2.42583731e-15  0.00000000e+00]
  [-2.42583731e-15 -7.59062081e+00  0.00000000e+00]
  [ 0.00000000e+00  0.00000000e+00 -2.45570974e+01]]

 [[ 5.76083993e+00 -1.08524301e-15  0.00000000e+00]
  [-1.08524301e-15  5.63197492e+00  0.00000000e+00]
  [ 0.00000000e+00  0.00000000e+00  2.78302303e+01]]

 [[-7.61565892e+00  4.33672890e-02  0.00000000e+00]
  [ 4.33672890e-02 -7.66573515e+00  0.00000000e+00]
  [ 0.00000000e+00  0.00000000e+00 -2.45570974e+01]]

 [[-7.61565892e+00 -4.33672890e-02  0.00000000e+00]
  [-4.33672890e-02 -7.66573515e+00  0.00000000e+00]
  [ 0.00000000e+00  0.00000000e+00 -2.45570974e+01]]

 [[ 6.14263527e+00  6.73781009e-02  0.00000000e+00]
  [ 6.73781009e-02  6.06483374e+00  0.00000000e+00]
  [ 0.00000000e+00  0.00000000e+00  3.02152955e+01]]

 [[ 6.14263527e+00 -6.73781009e-02  0.00000000e+00]
  [-6.73781009e-02  6.06483374e+00  0.00000000e+00]
  [ 0.00000000e+00  0.00000000e+00  3.02152955e+01]]

 [[-1.02369346e+01 -7.59308967e-03  0.00000000e+00]
  [-7.59308967e-03 -1.07789988e+01  0.00000000e+00]
  [ 0.00000000e+00  0.00000000e+00 -3.09976717e+01]]

 [[-1.02369346e+01  7.59308967e-03  0.00000000e+00]
  [ 7.59308967e-03 -1.07789988e+01  0.00000000e+00]
  [ 0.00000000e+00  0.00000000e+00 -3.09976717e+01]]

 [[ 7.71299789e+00  4.64042743e-02  0.00000000e+00]
  [ 4.64042743e-02  7.38309013e+00  0.00000000e+00]
  [ 0.00000000e+00  0.00000000e+00  4.20284155e+01]]

 [[ 7.71299789e+00 -4.64042743e-02  0.00000000e+00]
  [-4.64042743e-02  7.38309013e+00  0.00000000e+00]
  [ 0.00000000e+00  0.00000000e+00  4.20284155e+01]]

 [[ 5.19605273e+00 -3.43540398e-02  0.00000000e+00]
  [-3.43540398e-02  6.50268591e+00  0.00000000e+00]
  [ 0.00000000e+00  0.00000000e+00  9.48205006e+01]]

 [[ 5.19605273e+00  3.43540398e-02  0.00000000e+00]
  [ 3.43540398e-02  6.50268591e+00  0.00000000e+00]
  [ 0.00000000e+00  0.00000000e+00  9.48205006e+01]]

 [[ 7.48366807e+00 -1.15779146e-02  0.00000000e+00]
  [-1.15779146e-02  7.07363451e+00  0.00000000e+00]
  [ 0.00000000e+00  0.00000000e+00  4.20289728e+01]]

 [[ 7.48366807e+00  1.15779146e-02  0.00000000e+00]
  [ 1.15779146e-02  7.07363451e+00  0.00000000e+00]
  [ 0.00000000e+00  0.00000000e+00  4.20289728e+01]]

 [[-9.99798615e+00  1.91513472e-15  0.00000000e+00]
  [ 1.91513472e-15 -1.06489705e+01  0.00000000e+00]
  [ 0.00000000e+00  0.00000000e+00 -3.02682113e+01]]

 [[ 5.40556942e+00  3.19189120e-15  0.00000000e+00]
  [ 3.19189120e-15  6.76504496e+00  0.00000000e+00]
  [ 0.00000000e+00  0.00000000e+00  9.54306710e+01]]

 [[-2.34429234e+01  2.62336959e-02  0.00000000e+00]
  [ 2.62336959e-02 -2.63858275e+01  0.00000000e+00]
  [ 0.00000000e+00  0.00000000e+00 -5.61031208e+01]]

 [[-2.34429234e+01 -2.62336959e-02  0.00000000e+00]
  [-2.62336959e-02 -2.63858275e+01  0.00000000e+00]
  [ 0.00000000e+00  0.00000000e+00 -5.61031208e+01]]

 [[ 5.37968011e+00 -5.70439340e-03  0.00000000e+00]
  [-5.70439340e-03  6.73256879e+00  0.00000000e+00]
  [ 0.00000000e+00  0.00000000e+00  9.65361219e+01]]

 [[ 5.37968011e+00  5.70439340e-03  0.00000000e+00]
  [ 5.70439340e-03  6.73256879e+00  0.00000000e+00]
  [ 0.00000000e+00  0.00000000e+00  9.65361219e+01]]]
===================Hydrogen===================
[[[ 1.34638131e+01  3.82547613e-15  0.00000000e+00]
  [ 3.82547613e-15  4.07432807e+00  0.00000000e+00]
  [ 0.00000000e+00  0.00000000e+00  9.57134549e+00]]

 [[-1.47686516e+01 -9.35046667e+00  0.00000000e+00]
  [-9.35046667e+00 -2.55656405e+01  0.00000000e+00]
  [ 0.00000000e+00  0.00000000e+00 -2.20122213e+01]]

 [[-1.47686516e+01  9.35046667e+00  0.00000000e+00]
  [ 9.35046667e+00 -2.55656405e+01  0.00000000e+00]
  [ 0.00000000e+00  0.00000000e+00 -2.20122213e+01]]

 [[-1.88607340e+01 -1.19412841e+01  0.00000000e+00]
  [-1.19412841e+01 -3.26493412e+01  0.00000000e+00]
  [ 0.00000000e+00  0.00000000e+00 -2.81113444e+01]]

 [[-1.88607340e+01  1.19412841e+01  0.00000000e+00]
  [ 1.19412841e+01 -3.26493412e+01  0.00000000e+00]
  [ 0.00000000e+00  0.00000000e+00 -2.81113444e+01]]

 [[-1.91754100e+01 -1.21405147e+01  0.00000000e+00]
  [-1.21405147e+01 -3.31940688e+01  0.00000000e+00]
  [ 0.00000000e+00  0.00000000e+00 -2.85803592e+01]]

 [[-1.91754100e+01  1.21405147e+01  0.00000000e+00]
  [ 1.21405147e+01 -3.31940688e+01  0.00000000e+00]
  [ 0.00000000e+00  0.00000000e+00 -2.85803592e+01]]

 [[-1.89298800e+01 -1.19850625e+01  0.00000000e+00]
  [-1.19850625e+01 -3.27690382e+01  0.00000000e+00]
  [ 0.00000000e+00  0.00000000e+00 -2.82144045e+01]]

 [[-1.89298800e+01  1.19850625e+01  0.00000000e+00]
  [ 1.19850625e+01 -3.27690382e+01  0.00000000e+00]
  [ 0.00000000e+00  0.00000000e+00 -2.82144045e+01]]

 [[-1.91754100e+01 -1.21405147e+01  0.00000000e+00]
  [-1.21405147e+01 -3.31940688e+01  0.00000000e+00]
  [ 0.00000000e+00  0.00000000e+00 -2.85803592e+01]]

 [[-1.91754100e+01  1.21405147e+01  0.00000000e+00]
  [ 1.21405147e+01 -3.31940688e+01  0.00000000e+00]
  [ 0.00000000e+00  0.00000000e+00 -2.85803592e+01]]

 [[-1.88607340e+01 -1.19412841e+01  0.00000000e+00]
  [-1.19412841e+01 -3.26493412e+01  0.00000000e+00]
  [ 0.00000000e+00  0.00000000e+00 -2.81113444e+01]]

 [[-1.88607340e+01  1.19412841e+01  0.00000000e+00]
  [ 1.19412841e+01 -3.26493412e+01  0.00000000e+00]
  [ 0.00000000e+00  0.00000000e+00 -2.81113444e+01]]

 [[ 6.42169932e+00 -4.06576627e+00  0.00000000e+00]
  [-4.06576627e+00  1.11164418e+01  0.00000000e+00]
  [ 0.00000000e+00  0.00000000e+00  9.57134549e+00]]

 [[ 6.42169932e+00  4.06576627e+00  0.00000000e+00]
  [ 4.06576627e+00  1.11164418e+01  0.00000000e+00]
  [ 0.00000000e+00  0.00000000e+00  9.57134549e+00]]

 [[-3.09641349e+01  1.75956927e-14  0.00000000e+00]
  [ 1.75956927e-14 -9.37015713e+00  0.00000000e+00]
  [ 0.00000000e+00  0.00000000e+00 -2.20122213e+01]]

 [[-3.09641349e+01  1.75956927e-14  0.00000000e+00]
  [ 1.75956927e-14 -9.37015713e+00  0.00000000e+00]
  [ 0.00000000e+00  0.00000000e+00 -2.20122213e+01]]

 [[-1.47686516e+01 -9.35046667e+00  0.00000000e+00]
  [-9.35046667e+00 -2.55656405e+01  0.00000000e+00]
  [ 0.00000000e+00  0.00000000e+00 -2.20122213e+01]]

 [[-1.47686516e+01  9.35046667e+00  0.00000000e+00]
  [ 9.35046667e+00 -2.55656405e+01  0.00000000e+00]
  [ 0.00000000e+00  0.00000000e+00 -2.20122213e+01]]

 [[-3.95436448e+01  4.49421774e-14  0.00000000e+00]
  [ 4.49421774e-14 -1.19664304e+01  0.00000000e+00]
  [ 0.00000000e+00  0.00000000e+00 -2.81113444e+01]]

 [[-3.95436448e+01 -5.61777218e-14  0.00000000e+00]
  [-5.61777218e-14 -1.19664304e+01  0.00000000e+00]
  [ 0.00000000e+00  0.00000000e+00 -2.81113444e+01]]

 [[-3.96886172e+01  1.12767354e-14  0.00000000e+00]
  [ 1.12767354e-14 -1.20103010e+01  0.00000000e+00]
  [ 0.00000000e+00  0.00000000e+00 -2.82144045e+01]]

 [[-4.02033983e+01  2.28460005e-14  0.00000000e+00]
  [ 2.28460005e-14 -1.21660805e+01  0.00000000e+00]
  [ 0.00000000e+00  0.00000000e+00 -2.85803592e+01]]

 [[-4.02033983e+01 -1.14230003e-14  0.00000000e+00]
  [-1.14230003e-14 -1.21660805e+01  0.00000000e+00]
  [ 0.00000000e+00  0.00000000e+00 -2.85803592e+01]]]