==================== Isotropic Hyperfine Reference List ====================

==================== 2triangulene CA ====================
-25.3633248 27.493899960000004 27.493899960000004 -25.3633248 -25.3633248 27.493899960000004 27.493899960000004 -24.690128499999997 11.75356782 -24.690128499999997 -24.690128499999997 27.493899960000004 27.493899960000004

==================== 2triangulene HA ====================
8.0875235 -19.560504133333335 -19.560504133333335 8.087523493333334 8.087523493333334 -19.560504123333335 -19.560504123333335 -19.560504133333335 -19.560504133333335

==================== 3triangulene CA ====================
-28.214512066666668 30.528059123333332 30.528059123333332 19.296121709999998 -31.9649046 -31.9649046 34.91305064 34.91305064 -28.214512033333335 -28.214512033333335 30.528059119999998 30.528059119999998 -31.964904566666664 -31.964904566666664 30.528059119999998 30.528059119999998 34.91305064 19.296121713333335 19.296121713333335 -19.22437413333333 -31.9649046 -31.9649046

==================== 3triangulene HA ====================
9.265173763333335 -21.407727066666666 -21.407727066666666 -26.159111433333333 -26.159111433333333 9.265173763333335 9.265173763333335 -21.40772708 -21.40772708 -21.407727066666666 -21.407727066666666 -26.159111433333333

==================== 4triangulene CA ====================
-27.877515166666665 30.19898546666667 30.19898546666667 20.90404547 -33.017646633333335 -33.017646633333335 36.32414357333334 36.32414357333334 -33.017646633333335 -33.017646633333335 -35.548134499999996 -35.548134499999996 36.324143576666664 36.324143576666664 -27.877515166666665 -27.877515166666665 30.19898547 30.19898547 30.19898547 30.19898547 19.427887586666667 19.427887586666667 -19.843942600000002 -35.548134499999996 19.427887586666667 -19.843942633333334 -19.843942633333334 20.904045466666666 20.904045466666666 36.324143576666664 36.324143576666664 -33.017646633333335 -33.017646633333335

==================== 4triangulene HA ====================
9.22769505 -21.056182566666667 -21.056182566666667 -27.1556884 -27.1556884 -27.1556884 -27.1556884 9.227695023333334 9.227695023333334 -21.056182556666666 -21.056182556666666 -21.056182566666667 -21.056182566666667 -27.155688400000003 -27.155688400000003

==================== 5triangulene CA ====================
-27.56224396666667 29.86748278666667 29.86748278666667 20.616673493333334 -32.6299524 -32.6299524 35.961891720000004 35.961891720000004 -35.92143653333333 -35.92143653333333 -35.9214365 -35.9214365 37.06862778333333 37.06862778333333 -32.6299524 -32.6299524 35.96189172333333 35.96189172333333 -27.562243966666667 -27.562243966666667 29.86748279 29.86748279 -32.6299524 29.86748278666667 29.86748278666667 19.82802132 19.82802132 -20.143980866666666 15.493156526666667 -18.267008566666664 -18.267008566666664 19.828021316666668 19.828021316666668 -32.6299524 35.96189172333333 35.96189172333333 -20.143980866666666 -20.143980866666666 20.616673493333334 20.616673493333334 19.828021316666668 19.828021316666668 -18.2670086 37.06862778333333 -35.92143653333333 -35.92143653333333

==================== 5triangulene HA ====================
9.113010796666666 -20.831579533333336 -20.831579533333336 -26.8372202 -26.8372202 -27.637114433333334 -27.637114433333334 -26.8372202 -26.8372202 9.113010793333332 9.113010793333332 -20.831579506666667 -20.831579506666667 -20.831579533333336 -20.831579533333336 -26.8372202 -26.8372202 -27.637114466666663

==================== 6triangulene CA ====================
-27.47081746666667 29.769585773333333 29.769585773333333 20.26858590333333 -32.34588946666667 -32.34588946666667 35.63194327 35.63194327 -35.91351566666666 -35.91351566666666 -35.454496766666665 -35.454496766666665 36.54852301666667 36.54852301666667 -35.454496766666665 -35.454496766666665 36.54852301666667 36.54852301666667 -19.800630966666667 35.63194327 35.63194327 -27.47081746666667 -27.47081746666667 29.769585773333333 29.769585773333333 -32.3458895 -32.3458895 29.769585769999996 29.769585769999996 19.45879003 19.45879003 -19.800630966666667 14.669485756666667 -17.8238479 -17.8238479 19.445029403333333 19.445029403333333 -19.800630966666667 -17.8238479 -17.8238479 19.458790033333333 19.458790033333333 -32.3458895 -32.3458895 20.26858590333333 20.26858590333333 14.669485753333333 14.669485753333333 -14.479176873333335 -35.91351566666666 19.445029403333333 -17.8238479 -17.8238479 19.45879003 19.45879003 36.54852301666667 36.54852301666667 -35.4544968 -35.4544968 35.63194327 35.63194327

==================== 6triangulene HA ====================
9.06135615 -20.790540133333334 -20.790540133333334 -26.60980196666667 -26.60980196666667 -27.200631966666666 -27.200631966666666 -27.200631966666666 -27.200631966666666 -26.60980196666667 -26.60980196666667 9.061356176666665 9.061356176666665 -20.790540133333334 -20.790540133333334 -20.790540133333334 -20.790540133333334 -27.200632 -27.200632 -26.609802000000002 -26.609802000000002

==================== 7triangulene CA ====================
-27.43639 29.734205776666666 29.734205776666666 20.11641999 -32.2428525 -32.2428525 35.506413083333335 35.506413083333335 -35.3106239 -35.3106239 -35.1448754 -35.1448754 36.216123599999996 36.216123599999996 -35.3106239 -35.3106239 35.867095123333335 35.867095123333335 -17.33786836666667 36.216123599999996 36.216123599999996 -32.2428525 -35.14487543333333 -35.14487543333333 35.506413083333335 35.506413083333335 -27.436389966666667 -27.436389966666667 29.73420578 29.73420578 -32.2428525 29.734205776666666 29.734205776666666 19.041501173333334 19.041501173333334 -19.452741566666667 14.140921506666666 -17.33786836666667 -17.33786836666667 18.86209179333333 18.86209179333333 -17.33786836666667 -16.971722633333332 -16.971722633333332 18.86209179333333 18.86209179333333 -19.452741566666667 -19.452741566666667 19.041501173333334 19.041501173333334 -35.14487543333333 -35.14487543333333 20.11641999 20.11641999 -32.2428525 -32.2428525 13.074348383333335 13.074348383333335 -13.27949716 13.074348383333335 -13.279497156666666 -13.279497156666666 14.140921503333333 14.140921503333333 -17.33786836666667 -17.33786836666667 19.041501173333334 19.041501173333334 35.50641308 35.50641308 18.86209179333333 18.86209179333333 -16.97172265 35.86709512666667 -35.3106239 -35.3106239 36.216123599999996 36.216123599999996

==================== 7triangulene HA ====================
9.036495553333333 -20.782171133333332 -20.782171133333332 -26.540473199999997 -26.540473199999997 -26.983279333333332 -26.983279333333332 -26.63777423333333 -26.63777423333333 -26.983279333333332 -26.983279333333332 -26.540473199999997 -26.540473199999997 9.036495536666665 9.036495536666665 -20.78217111 -20.78217111 -20.782171133333332 -20.782171133333332 -26.540473199999997 -26.540473199999997 -26.637774233333335 -26.983279333333332 -26.983279333333332