====================Carbon====================
[[[ 3.03901604e+00  9.69079399e-03  0.00000000e+00]
  [ 9.69079399e-03  2.97198014e+00  0.00000000e+00]
  [ 0.00000000e+00  0.00000000e+00  1.11181152e+01]]

 [[-8.81810616e+00  2.65810288e-01  0.00000000e+00]
  [ 2.65810288e-01 -8.92065134e+00  0.00000000e+00]
  [ 0.00000000e+00  0.00000000e+00 -1.68473212e+01]]

 [[ 2.45685689e+00 -5.53917713e-02  0.00000000e+00]
  [-5.53917713e-02  2.31508055e+00  0.00000000e+00]
  [ 0.00000000e+00  0.00000000e+00  4.57890602e+01]]

 [[-1.10204700e+01 -3.25431488e-01  0.00000000e+00]
  [-3.25431488e-01 -1.06450592e+01  0.00000000e+00]
  [ 0.00000000e+00  0.00000000e+00 -2.34258110e+01]]

 [[ 2.69136701e+00  9.51307260e-03  0.00000000e+00]
  [ 9.51307260e-03  2.88611951e+00  0.00000000e+00]
  [ 0.00000000e+00  0.00000000e+00  4.62407761e+01]]

 [[-1.47520246e+01 -2.01050764e-01  0.00000000e+00]
  [-2.01050764e-01 -1.55984058e+01  0.00000000e+00]
  [ 0.00000000e+00  0.00000000e+00 -2.68047550e+01]]

 [[ 3.03901604e+00 -9.69079399e-03  0.00000000e+00]
  [-9.69079399e-03  2.97198014e+00  0.00000000e+00]
  [ 0.00000000e+00  0.00000000e+00  1.11181152e+01]]

 [[-4.28130906e+00  1.45240004e-15  0.00000000e+00]
  [ 1.45240004e-15 -4.11108055e+00  0.00000000e+00]
  [ 0.00000000e+00  0.00000000e+00 -1.05619993e+01]]

 [[ 2.52572175e+00  3.89303104e-16  0.00000000e+00]
  [ 3.89303104e-16  2.70948950e+00  0.00000000e+00]
  [ 0.00000000e+00  0.00000000e+00  7.27828938e+01]]

 [[-1.47520246e+01  2.01050764e-01  0.00000000e+00]
  [ 2.01050764e-01 -1.55984058e+01  0.00000000e+00]
  [ 0.00000000e+00  0.00000000e+00 -2.68047550e+01]]

 [[ 2.45685689e+00  5.53917713e-02  0.00000000e+00]
  [ 5.53917713e-02  2.31508055e+00  0.00000000e+00]
  [ 0.00000000e+00  0.00000000e+00  4.57890602e+01]]

 [[-8.81810616e+00 -2.65810288e-01  0.00000000e+00]
  [-2.65810288e-01 -8.92065134e+00  0.00000000e+00]
  [ 0.00000000e+00  0.00000000e+00 -1.68473212e+01]]

 [[ 2.69136701e+00 -9.51307260e-03  0.00000000e+00]
  [-9.51307260e-03  2.88611951e+00  0.00000000e+00]
  [ 0.00000000e+00  0.00000000e+00  4.62407761e+01]]

 [[-1.10204700e+01  3.25431488e-01  0.00000000e+00]
  [ 3.25431488e-01 -1.06450592e+01  0.00000000e+00]
  [ 0.00000000e+00  0.00000000e+00 -2.34258110e+01]]

 [[ 2.68256678e+00  1.42245365e-16  0.00000000e+00]
  [ 1.42245365e-16  2.71181886e+00  0.00000000e+00]
  [ 0.00000000e+00  0.00000000e+00  2.05866490e+01]]

 [[-4.51792563e+00  1.47906753e-02  0.00000000e+00]
  [ 1.47906753e-02 -4.84240584e+00  0.00000000e+00]
  [ 0.00000000e+00  0.00000000e+00 -1.27632470e+01]]

 [[ 1.91574456e+00 -5.83674991e-02  0.00000000e+00]
  [-5.83674991e-02  1.85521972e+00  0.00000000e+00]
  [ 0.00000000e+00  0.00000000e+00  2.16847500e+01]]

 [[ 1.91574456e+00  5.83674991e-02  0.00000000e+00]
  [ 5.83674991e-02  1.85521972e+00  0.00000000e+00]
  [ 0.00000000e+00  0.00000000e+00  2.16847500e+01]]

 [[-4.51792563e+00 -1.47906753e-02  0.00000000e+00]
  [-1.47906753e-02 -4.84240584e+00  0.00000000e+00]
  [ 0.00000000e+00  0.00000000e+00 -1.27632470e+01]]

 [[ 3.03379693e-01 -1.28637907e-03  0.00000000e+00]
  [-1.28637907e-03  2.91373697e-01  0.00000000e+00]
  [ 0.00000000e+00  0.00000000e+00  7.68374374e-01]]

 [[-7.39397148e-01 -3.38039779e-02  0.00000000e+00]
  [-3.38039779e-02 -7.74947357e-01  0.00000000e+00]
  [ 0.00000000e+00  0.00000000e+00 -1.45645496e+00]]

 [[ 2.55788632e-01  4.86575933e-03  0.00000000e+00]
  [ 4.86575933e-03  2.38081328e-01  0.00000000e+00]
  [ 0.00000000e+00  0.00000000e+00  5.20790466e+00]]

 [[-1.27819127e+00  3.83354062e-02  0.00000000e+00]
  [ 3.83354062e-02 -1.23656556e+00  0.00000000e+00]
  [ 0.00000000e+00  0.00000000e+00 -2.68715969e+00]]

 [[ 3.11471112e-01 -6.79048520e-04  0.00000000e+00]
  [-6.79048520e-04  3.34012812e-01  0.00000000e+00]
  [ 0.00000000e+00  0.00000000e+00  5.44093505e+00]]

 [[-1.74360294e+00  2.80525737e-02  0.00000000e+00]
  [ 2.80525737e-02 -1.85670241e+00  0.00000000e+00]
  [ 0.00000000e+00  0.00000000e+00 -3.17729765e+00]]

 [[ 3.03379693e-01  1.28637907e-03  0.00000000e+00]
  [ 1.28637907e-03  2.91373697e-01  0.00000000e+00]
  [ 0.00000000e+00  0.00000000e+00  7.68374374e-01]]

 [[-3.01493513e-01  9.76065233e-16  0.00000000e+00]
  [ 9.76065233e-16 -2.84324504e-01  0.00000000e+00]
  [ 0.00000000e+00  0.00000000e+00 -7.89011951e-01]]

 [[ 2.98782833e-01  3.06950524e-16  0.00000000e+00]
  [ 3.06950524e-16  3.20540436e-01  0.00000000e+00]
  [ 0.00000000e+00  0.00000000e+00  9.15589862e+00]]

 [[-1.74360294e+00 -2.80525737e-02  0.00000000e+00]
  [-2.80525737e-02 -1.85670241e+00  0.00000000e+00]
  [ 0.00000000e+00  0.00000000e+00 -3.17729765e+00]]

 [[ 2.55788632e-01 -4.86575933e-03  0.00000000e+00]
  [-4.86575933e-03  2.38081328e-01  0.00000000e+00]
  [ 0.00000000e+00  0.00000000e+00  5.20790466e+00]]

 [[-7.39397148e-01  3.38039779e-02  0.00000000e+00]
  [ 3.38039779e-02 -7.74947357e-01  0.00000000e+00]
  [ 0.00000000e+00  0.00000000e+00 -1.45645496e+00]]

 [[ 3.11471112e-01  6.79048520e-04  0.00000000e+00]
  [ 6.79048520e-04  3.34012812e-01  0.00000000e+00]
  [ 0.00000000e+00  0.00000000e+00  5.44093505e+00]]

 [[-1.27819127e+00 -3.83354062e-02  0.00000000e+00]
  [-3.83354062e-02 -1.23656556e+00  0.00000000e+00]
  [ 0.00000000e+00  0.00000000e+00 -2.68715969e+00]]

 [[ 6.09644675e-02  3.26112998e-16  0.00000000e+00]
  [ 3.26112998e-16  5.25470489e-02  0.00000000e+00]
  [ 0.00000000e+00  0.00000000e+00  1.49930643e+00]]

 [[ 7.86836611e-01  5.92610198e-03  0.00000000e+00]
  [ 5.92610198e-03  6.33891831e-01  0.00000000e+00]
  [ 0.00000000e+00  0.00000000e+00  7.68312703e-01]]

 [[ 8.53028193e-02 -6.54689087e-05  0.00000000e+00]
  [-6.54689087e-05  7.39902325e-02  0.00000000e+00]
  [ 0.00000000e+00  0.00000000e+00  7.36043819e-01]]

 [[ 8.53028193e-02  6.54689087e-05  0.00000000e+00]
  [ 6.54689087e-05  7.39902325e-02  0.00000000e+00]
  [ 0.00000000e+00  0.00000000e+00  7.36043819e-01]]

 [[ 7.86836611e-01 -5.92610198e-03  0.00000000e+00]
  [-5.92610198e-03  6.33891831e-01  0.00000000e+00]
  [ 0.00000000e+00  0.00000000e+00  7.68312703e-01]]]
===================Hydrogen===================
[[[ 4.92032640e+00 -5.02482104e+00  0.00000000e+00]
  [-5.02482104e+00 -1.41259666e+00  0.00000000e+00]
  [ 0.00000000e+00  0.00000000e+00 -3.50772974e+00]]

 [[ 1.01274124e+00  5.65407970e-04  0.00000000e+00]
  [ 5.65407970e-04  1.00959761e+00  0.00000000e+00]
  [ 0.00000000e+00  0.00000000e+00 -2.02233885e+00]]

 [[-4.17768656e+00  6.48862720e-02  0.00000000e+00]
  [ 6.48862720e-02  7.56942809e+00  0.00000000e+00]
  [ 0.00000000e+00  0.00000000e+00 -3.39174153e+00]]

 [[-6.78380846e+00  1.95486431e-14  0.00000000e+00]
  [ 1.95486431e-14  1.28260020e+01  0.00000000e+00]
  [ 0.00000000e+00  0.00000000e+00 -6.04219359e+00]]

 [[ 4.92032640e+00  5.02482104e+00  0.00000000e+00]
  [ 5.02482104e+00 -1.41259666e+00  0.00000000e+00]
  [ 0.00000000e+00  0.00000000e+00 -3.50772974e+00]]

 [[-4.17768656e+00 -6.48862720e-02  0.00000000e+00]
  [-6.48862720e-02  7.56942809e+00  0.00000000e+00]
  [ 0.00000000e+00  0.00000000e+00 -3.39174153e+00]]

 [[ 1.01274124e+00 -5.65407970e-04  0.00000000e+00]
  [-5.65407970e-04  1.00959761e+00  0.00000000e+00]
  [ 0.00000000e+00  0.00000000e+00 -2.02233885e+00]]

 [[ 1.94893860e+00 -2.23744696e+00  0.00000000e+00]
  [-2.23744696e+00 -5.87769412e-01  0.00000000e+00]
  [ 0.00000000e+00  0.00000000e+00 -1.36116919e+00]]

 [[ 1.94893860e+00  2.23744696e+00  0.00000000e+00]
  [ 2.23744696e+00 -5.87769412e-01  0.00000000e+00]
  [ 0.00000000e+00  0.00000000e+00 -1.36116919e+00]]

 [[ 5.76618821e-01  5.73413316e-01  0.00000000e+00]
  [ 5.73413316e-01 -1.67956562e-01  0.00000000e+00]
  [ 0.00000000e+00  0.00000000e+00 -4.08662259e-01]]

 [[ 1.28079192e-01 -2.67015199e-04  0.00000000e+00]
  [-2.67015199e-04  1.09762687e-01  0.00000000e+00]
  [ 0.00000000e+00  0.00000000e+00 -2.37841879e-01]]

 [[-4.92202665e-01 -4.63161892e-03  0.00000000e+00]
  [-4.63161892e-03  8.93435832e-01  0.00000000e+00]
  [ 0.00000000e+00  0.00000000e+00 -4.01233167e-01]]

 [[-8.55690912e-01 -4.74050624e-17  0.00000000e+00]
  [-4.74050624e-17  1.62357664e+00  0.00000000e+00]
  [ 0.00000000e+00  0.00000000e+00 -7.67885726e-01]]

 [[ 5.76618821e-01 -5.73413316e-01  0.00000000e+00]
  [-5.73413316e-01 -1.67956562e-01  0.00000000e+00]
  [ 0.00000000e+00  0.00000000e+00 -4.08662259e-01]]

 [[-4.92202665e-01  4.63161892e-03  0.00000000e+00]
  [ 4.63161892e-03  8.93435832e-01  0.00000000e+00]
  [ 0.00000000e+00  0.00000000e+00 -4.01233167e-01]]

 [[ 1.28079192e-01  2.67015199e-04  0.00000000e+00]
  [ 2.67015199e-04  1.09762687e-01  0.00000000e+00]
  [ 0.00000000e+00  0.00000000e+00 -2.37841879e-01]]

 [[ 9.02985091e-02  5.45012700e-02  0.00000000e+00]
  [ 5.45012700e-02 -5.03100700e-02  0.00000000e+00]
  [ 0.00000000e+00  0.00000000e+00 -3.99884391e-02]]

 [[ 9.02985091e-02 -5.45012700e-02  0.00000000e+00]
  [-5.45012700e-02 -5.03100700e-02  0.00000000e+00]
  [ 0.00000000e+00  0.00000000e+00 -3.99884391e-02]]]