====================Carbon====================
[[[ 1.72899076e+00  5.63483987e-03  0.00000000e+00]
  [ 5.63483987e-03  1.69068106e+00  0.00000000e+00]
  [ 0.00000000e+00  0.00000000e+00  7.98466774e+00]]

 [[-8.40597387e+00  2.71894012e-01  0.00000000e+00]
  [ 2.71894012e-01 -8.49666178e+00  0.00000000e+00]
  [ 0.00000000e+00  0.00000000e+00 -1.32329468e+01]]

 [[ 1.37643966e+00 -3.15642102e-02  0.00000000e+00]
  [-3.15642102e-02  1.29761912e+00  0.00000000e+00]
  [ 0.00000000e+00  0.00000000e+00  4.37281321e+01]]

 [[-1.06832561e+01 -3.12132712e-01  0.00000000e+00]
  [-3.12132712e-01 -1.03088076e+01  0.00000000e+00]
  [ 0.00000000e+00  0.00000000e+00 -1.78583843e+01]]

 [[ 1.51179902e+00  4.57702595e-03  0.00000000e+00]
  [ 4.57702595e-03  1.62178168e+00  0.00000000e+00]
  [ 0.00000000e+00  0.00000000e+00  4.31663422e+01]]

 [[-1.41355214e+01 -2.03738184e-01  0.00000000e+00]
  [-2.03738184e-01 -1.49846616e+01  0.00000000e+00]
  [ 0.00000000e+00  0.00000000e+00 -2.15957729e+01]]

 [[ 1.72899076e+00 -5.63483987e-03  0.00000000e+00]
  [-5.63483987e-03  1.69068106e+00  0.00000000e+00]
  [ 0.00000000e+00  0.00000000e+00  7.98466774e+00]]

 [[-3.89145163e+00  3.50125736e-13  0.00000000e+00]
  [ 3.50125736e-13 -3.68673614e+00  0.00000000e+00]
  [ 0.00000000e+00  0.00000000e+00 -7.49849135e+00]]

 [[ 1.42535104e+00  2.74211630e-13  0.00000000e+00]
  [ 2.74211630e-13  1.53004860e+00  0.00000000e+00]
  [ 0.00000000e+00  0.00000000e+00  7.01534262e+01]]

 [[-1.41355214e+01  2.03738184e-01  0.00000000e+00]
  [ 2.03738184e-01 -1.49846616e+01  0.00000000e+00]
  [ 0.00000000e+00  0.00000000e+00 -2.15957729e+01]]

 [[ 1.37643966e+00  3.15642102e-02  0.00000000e+00]
  [ 3.15642102e-02  1.29761912e+00  0.00000000e+00]
  [ 0.00000000e+00  0.00000000e+00  4.37281321e+01]]

 [[-8.40597387e+00 -2.71894012e-01  0.00000000e+00]
  [-2.71894012e-01 -8.49666178e+00  0.00000000e+00]
  [ 0.00000000e+00  0.00000000e+00 -1.32329468e+01]]

 [[ 1.51179902e+00 -4.57702595e-03  0.00000000e+00]
  [-4.57702595e-03  1.62178168e+00  0.00000000e+00]
  [ 0.00000000e+00  0.00000000e+00  4.31663422e+01]]

 [[-1.06832561e+01  3.12132712e-01  0.00000000e+00]
  [ 3.12132712e-01 -1.03088076e+01  0.00000000e+00]
  [ 0.00000000e+00  0.00000000e+00 -1.78583843e+01]]

 [[ 1.56281747e+00  5.98793093e-13  0.00000000e+00]
  [ 5.98793093e-13  1.58261402e+00  0.00000000e+00]
  [ 0.00000000e+00  0.00000000e+00  1.96212968e+01]]

 [[-5.08148186e+00  8.03358181e-03  0.00000000e+00]
  [ 8.03358181e-03 -5.32275184e+00  0.00000000e+00]
  [ 0.00000000e+00  0.00000000e+00 -1.01489449e+01]]

 [[ 1.10792222e+00 -3.45015276e-02  0.00000000e+00]
  [-3.45015276e-02  1.07486673e+00  0.00000000e+00]
  [ 0.00000000e+00  0.00000000e+00  2.01744898e+01]]

 [[ 1.10792222e+00  3.45015276e-02  0.00000000e+00]
  [ 3.45015276e-02  1.07486673e+00  0.00000000e+00]
  [ 0.00000000e+00  0.00000000e+00  2.01744898e+01]]

 [[-5.08148186e+00 -8.03358181e-03  0.00000000e+00]
  [-8.03358181e-03 -5.32275184e+00  0.00000000e+00]
  [ 0.00000000e+00  0.00000000e+00 -1.01489449e+01]]

 [[-1.72899076e+00  5.63483987e-03  0.00000000e+00]
  [ 5.63483987e-03 -1.69068106e+00  0.00000000e+00]
  [ 0.00000000e+00  0.00000000e+00 -7.98466774e+00]]

 [[ 8.40597387e+00  2.71894012e-01  0.00000000e+00]
  [ 2.71894012e-01  8.49666178e+00  0.00000000e+00]
  [ 0.00000000e+00  0.00000000e+00  1.32329468e+01]]

 [[-1.37643966e+00 -3.15642102e-02  0.00000000e+00]
  [-3.15642102e-02 -1.29761912e+00  0.00000000e+00]
  [ 0.00000000e+00  0.00000000e+00 -4.37281321e+01]]

 [[ 1.06832561e+01 -3.12132712e-01  0.00000000e+00]
  [-3.12132712e-01  1.03088076e+01  0.00000000e+00]
  [ 0.00000000e+00  0.00000000e+00  1.78583843e+01]]

 [[-1.51179902e+00  4.57702595e-03  0.00000000e+00]
  [ 4.57702595e-03 -1.62178168e+00  0.00000000e+00]
  [ 0.00000000e+00  0.00000000e+00 -4.31663422e+01]]

 [[ 1.41355214e+01 -2.03738184e-01  0.00000000e+00]
  [-2.03738184e-01  1.49846616e+01  0.00000000e+00]
  [ 0.00000000e+00  0.00000000e+00  2.15957729e+01]]

 [[-1.72899076e+00 -5.63483987e-03  0.00000000e+00]
  [-5.63483987e-03 -1.69068106e+00  0.00000000e+00]
  [ 0.00000000e+00  0.00000000e+00 -7.98466774e+00]]

 [[ 3.89145163e+00  5.96090431e-13  0.00000000e+00]
  [ 5.96090431e-13  3.68673614e+00  0.00000000e+00]
  [ 0.00000000e+00  0.00000000e+00  7.49849135e+00]]

 [[-1.42535104e+00  6.85390574e-13  0.00000000e+00]
  [ 6.85390574e-13 -1.53004860e+00  0.00000000e+00]
  [ 0.00000000e+00  0.00000000e+00 -7.01534262e+01]]

 [[ 1.41355214e+01  2.03738184e-01  0.00000000e+00]
  [ 2.03738184e-01  1.49846616e+01  0.00000000e+00]
  [ 0.00000000e+00  0.00000000e+00  2.15957729e+01]]

 [[-1.37643966e+00  3.15642102e-02  0.00000000e+00]
  [ 3.15642102e-02 -1.29761912e+00  0.00000000e+00]
  [ 0.00000000e+00  0.00000000e+00 -4.37281321e+01]]

 [[ 8.40597387e+00 -2.71894012e-01  0.00000000e+00]
  [-2.71894012e-01  8.49666178e+00  0.00000000e+00]
  [ 0.00000000e+00  0.00000000e+00  1.32329468e+01]]

 [[-1.51179902e+00 -4.57702595e-03  0.00000000e+00]
  [-4.57702595e-03 -1.62178168e+00  0.00000000e+00]
  [ 0.00000000e+00  0.00000000e+00 -4.31663422e+01]]

 [[ 1.06832561e+01  3.12132712e-01  0.00000000e+00]
  [ 3.12132712e-01  1.03088076e+01  0.00000000e+00]
  [ 0.00000000e+00  0.00000000e+00  1.78583843e+01]]

 [[-1.56281747e+00  1.06475148e-12  0.00000000e+00]
  [ 1.06475148e-12 -1.58261402e+00  0.00000000e+00]
  [ 0.00000000e+00  0.00000000e+00 -1.96212968e+01]]

 [[ 5.08148186e+00  8.03358181e-03  0.00000000e+00]
  [ 8.03358181e-03  5.32275184e+00  0.00000000e+00]
  [ 0.00000000e+00  0.00000000e+00  1.01489449e+01]]

 [[-1.10792222e+00 -3.45015276e-02  0.00000000e+00]
  [-3.45015276e-02 -1.07486673e+00  0.00000000e+00]
  [ 0.00000000e+00  0.00000000e+00 -2.01744898e+01]]

 [[-1.10792222e+00  3.45015276e-02  0.00000000e+00]
  [ 3.45015276e-02 -1.07486673e+00  0.00000000e+00]
  [ 0.00000000e+00  0.00000000e+00 -2.01744898e+01]]

 [[ 5.08148186e+00 -8.03358181e-03  0.00000000e+00]
  [-8.03358181e-03  5.32275184e+00  0.00000000e+00]
  [ 0.00000000e+00  0.00000000e+00  1.01489449e+01]]]
===================Hydrogen===================
[[[ 4.95288497e+00 -5.10350442e+00  0.00000000e+00]
  [-5.10350442e+00 -1.22915215e+00  0.00000000e+00]
  [ 0.00000000e+00  0.00000000e+00 -3.72373283e+00]]

 [[ 1.53335528e+00  6.33993723e-01  0.00000000e+00]
  [ 6.33993723e-01  8.96968450e-01  0.00000000e+00]
  [ 0.00000000e+00  0.00000000e+00 -2.43032373e+00]]

 [[-4.02168221e+00  3.12187412e-02  0.00000000e+00]
  [ 3.12187412e-02  7.59951738e+00  0.00000000e+00]
  [ 0.00000000e+00  0.00000000e+00 -3.57783517e+00]]

 [[-6.66151962e+00  1.88683977e-12  0.00000000e+00]
  [ 1.88683977e-12  1.29005208e+01  0.00000000e+00]
  [ 0.00000000e+00  0.00000000e+00 -6.23900116e+00]]

 [[ 4.95288497e+00  5.10350442e+00  0.00000000e+00]
  [ 5.10350442e+00 -1.22915215e+00  0.00000000e+00]
  [ 0.00000000e+00  0.00000000e+00 -3.72373283e+00]]

 [[-4.02168221e+00 -3.12187412e-02  0.00000000e+00]
  [-3.12187412e-02  7.59951738e+00  0.00000000e+00]
  [ 0.00000000e+00  0.00000000e+00 -3.57783517e+00]]

 [[ 1.53335528e+00 -6.33993723e-01  0.00000000e+00]
  [-6.33993723e-01  8.96968450e-01  0.00000000e+00]
  [ 0.00000000e+00  0.00000000e+00 -2.43032373e+00]]

 [[ 2.04851891e+00 -2.26357809e+00  0.00000000e+00]
  [-2.26357809e+00 -5.18967761e-01  0.00000000e+00]
  [ 0.00000000e+00  0.00000000e+00 -1.52955115e+00]]

 [[ 2.04851891e+00  2.26357809e+00  0.00000000e+00]
  [ 2.26357809e+00 -5.18967761e-01  0.00000000e+00]
  [ 0.00000000e+00  0.00000000e+00 -1.52955115e+00]]

 [[-4.95288497e+00 -5.10350442e+00  0.00000000e+00]
  [-5.10350442e+00  1.22915215e+00  0.00000000e+00]
  [ 0.00000000e+00  0.00000000e+00  3.72373283e+00]]

 [[-1.53335528e+00  6.33993723e-01  0.00000000e+00]
  [ 6.33993723e-01 -8.96968450e-01  0.00000000e+00]
  [ 0.00000000e+00  0.00000000e+00  2.43032373e+00]]

 [[ 4.02168221e+00  3.12187412e-02  0.00000000e+00]
  [ 3.12187412e-02 -7.59951738e+00  0.00000000e+00]
  [ 0.00000000e+00  0.00000000e+00  3.57783517e+00]]

 [[ 6.66151962e+00  4.69139972e-12  0.00000000e+00]
  [ 4.69139972e-12 -1.29005208e+01  0.00000000e+00]
  [ 0.00000000e+00  0.00000000e+00  6.23900116e+00]]

 [[-4.95288497e+00  5.10350442e+00  0.00000000e+00]
  [ 5.10350442e+00  1.22915215e+00  0.00000000e+00]
  [ 0.00000000e+00  0.00000000e+00  3.72373283e+00]]

 [[ 4.02168221e+00 -3.12187412e-02  0.00000000e+00]
  [-3.12187412e-02 -7.59951738e+00  0.00000000e+00]
  [ 0.00000000e+00  0.00000000e+00  3.57783517e+00]]

 [[-1.53335528e+00 -6.33993723e-01  0.00000000e+00]
  [-6.33993723e-01 -8.96968450e-01  0.00000000e+00]
  [ 0.00000000e+00  0.00000000e+00  2.43032373e+00]]

 [[-2.04851891e+00 -2.26357809e+00  0.00000000e+00]
  [-2.26357809e+00  5.18967761e-01  0.00000000e+00]
  [ 0.00000000e+00  0.00000000e+00  1.52955115e+00]]

 [[-2.04851891e+00  2.26357809e+00  0.00000000e+00]
  [ 2.26357809e+00  5.18967761e-01  0.00000000e+00]
  [ 0.00000000e+00  0.00000000e+00  1.52955115e+00]]]