-6.619968663744657533e-02
-6.570355637046532138e-02
-6.520703991179743753e-02
-6.471013654200419296e-02
-6.421284553994155431e-02
-6.371516618284545075e-02
-6.321709774576333984e-02
-6.271863950249212394e-02
-6.221979072449812520e-02
-6.172055068188342375e-02
-6.122091864284584517e-02
-6.072089387348000855e-02
-6.022047563831733896e-02
-5.971966319998500694e-02
-5.921845581946172388e-02
-5.871685275556615125e-02
-5.821485326569586505e-02
-5.771245660500312624e-02
-5.720966202699173664e-02
-5.670646878326124352e-02
-5.620287612356378304e-02
-5.569888329580408026e-02
-5.519448954592576229e-02
-5.468969411811031023e-02
-5.418449625457810725e-02
-5.367889519561686029e-02
-5.317289017961002173e-02
-5.266648044315047628e-02
-5.215966522095527580e-02
-5.165244374580879594e-02
-5.114481524813641045e-02
-5.063677895705609444e-02
-5.012833409938366458e-02
-4.961947990011594811e-02
-4.911021558231709605e-02
-4.860054036714700487e-02
-4.809045347354867772e-02
-4.757995411873139346e-02
-4.706904151794333302e-02
-4.655771488435789252e-02
-4.604597342930105697e-02
-4.553381636168296609e-02
-4.502124288919162609e-02
-4.450825221658760711e-02
-4.399484354752303261e-02
-4.348101608286469855e-02
-4.296676902197305026e-02
-4.245210156193479634e-02
-4.193701289801765597e-02
-4.142150222304508134e-02
-4.090556872816364375e-02
-4.038921160241670805e-02
-3.987243003268758912e-02
-3.935522320378481709e-02
-3.883759029844213728e-02
-3.831953049780167930e-02
-3.780104297968023275e-02
-3.728212692087140567e-02
-3.676278149600875622e-02
-3.624300587713946697e-02
-3.572279923466226137e-02
-3.520216073647475241e-02
-3.468108954854187687e-02
-3.415958483472536500e-02
-3.363764575667005374e-02
-3.311527147383230840e-02
-3.259246114365055291e-02
-3.206921392120420933e-02
-3.154552895949791491e-02
-3.102140540948994385e-02
-3.049684241986483357e-02
-2.997183913697654134e-02
-2.944639470518950475e-02
-2.892050826639547267e-02
-2.839417896063878288e-02
-2.786740592549108442e-02
-2.734018829633555470e-02
-2.681252520639532122e-02
-2.628441578656293132e-02
-2.575585916557088240e-02
-2.522685446982109170e-02
-2.469740082383964364e-02
-2.416749734879886091e-02
-2.363714316462051102e-02
-2.310633738872525100e-02
-2.257507913623157947e-02
-2.204336751970004116e-02
-2.151120164955955261e-02
-2.097858063419266728e-02
-2.044550357916818939e-02
-1.991196958800856009e-02
-1.937797776184879694e-02
-1.884352719940807219e-02
-1.830861699727392988e-02
-1.777324624941911679e-02
-1.723741404759948637e-02
-1.670111948101293819e-02
-1.616436163675416537e-02
-1.562713959930306373e-02
-1.508945245083737063e-02
-1.455129927154530378e-02
-1.401267913777815011e-02
-1.347359112500612355e-02
-1.293403430568673684e-02
-1.239400774980481401e-02
-1.185351052498617719e-02
-1.131254169627027295e-02
-1.077110032650807625e-02
-1.022918547570839110e-02
-9.686796201691549868e-03
-9.143931559719931101e-03
-8.600590602384272643e-03
-8.056772380086840712e-03
-7.520694982702025300e-03
-7.428030589693435104e-03
-7.356741067781058518e-03
-7.286757892842388173e-03
-7.218048512186214793e-03
-7.150581481056406119e-03
-7.084326412439168053e-03
-7.019253945230730096e-03
-6.955335683358043752e-03
-6.892544168948688821e-03
-6.830852840920442759e-03
-6.770235998629914320e-03
-6.710668767482275143e-03
-6.652127067155788609e-03
-6.594587578035771003e-03
-6.538027714412919522e-03
-6.482425593901552929e-03
-6.427760011575855970e-03
-6.374010413424002763e-03
-6.321156872218125500e-03
-6.269180063640078515e-03
-6.218061243941974681e-03
-6.167782228743590167e-03
-6.118325371573973825e-03
-6.069673545312070928e-03
-6.021810123513660074e-03
-5.974718960317204619e-03
-5.928384376204576256e-03
-5.882791139782739265e-03
-5.837924452350762294e-03
-5.793769932580516979e-03
-5.750313602561618609e-03
-5.707541873817945088e-03
-5.665441533210469061e-03
-5.623999731369622168e-03
-5.583203969365513331e-03
-5.543042087907679161e-03
-5.503502255066905491e-03
-5.464572956327629072e-03
-5.426242983759266281e-03
-5.388501425983349691e-03
-5.351337658623833704e-03
-5.314741335325834370e-03
-5.278702378461730405e-03
-5.243210970689915484e-03
-5.208257546939876192e-03
-5.173832786255161409e-03
-5.139927604432159569e-03
-5.106533146744141050e-03
-5.073640779897914399e-03
-5.041242087088448898e-03
-5.009328859557626856e-03
-4.977893091790974722e-03
-4.946926974213283756e-03
-4.916422888328497720e-03
-4.886373400353249963e-03
-4.856771256157799144e-03
-4.827609375638530764e-03
-4.798880848539965882e-03
-4.770578927917767942e-03
-4.742697027239728413e-03
-4.715228714559316359e-03
-4.688167708650325949e-03
-4.661507874516246375e-03
-4.635243219837548168e-03
-4.609367889656823536e-03
-4.583876164417688415e-03
-4.558762454507814255e-03
-4.534021297644130755e-03
-4.509647355718016115e-03
-4.485635409849919597e-03
-4.461980358854589213e-03
-4.438677215603092918e-03
-4.415721103214309551e-03
-4.393107253235939424e-03
-4.370831002063368942e-03
-4.348887788296451617e-03
-4.327273150238397648e-03
-4.305982723167289805e-03
-4.285012237431828908e-03
-4.264357514216499112e-03
-4.244014465797363300e-03
-4.223979091136698116e-03
-4.204247474604017043e-03
-4.184815784071815870e-03
-4.165680267817606364e-03
-4.146837253756530117e-03
-4.128283146172861962e-03
-4.110014425094732360e-03
-4.092027643679330140e-03
-4.074319426962347279e-03
-4.056886468873699414e-03
-4.039725532237525840e-03
-4.022833446526874468e-03
-4.006207105362591392e-03
-3.989843466399634053e-03
-3.973739549024912776e-03
-3.957892432794096749e-03
-3.942299256408432484e-03
-3.926957216606297152e-03
-3.911863565690509859e-03
-3.897015611642018484e-03
-3.882410715561945835e-03
-3.868046291984228446e-03
-3.853919805777650254e-03
-3.840028772913228750e-03
-3.826370757536778910e-03
-3.812943372622612515e-03
-3.799744277358740874e-03
-3.786771177601622185e-03
-3.774021822835038620e-03
-3.761494007903820602e-03
-3.749185569205337742e-03
-3.737094386451644823e-03
-3.725218379230454957e-03
-3.713555508397803351e-03
-3.702103773235876361e-03
-3.690861212248819356e-03
-3.679825901514277575e-03
-3.668995953745479710e-03
-3.658369518262816200e-03
-3.647944779402223503e-03
-3.637719956117280162e-03
-3.627693301979206808e-03
-3.617863103073659659e-03
-3.608227678370212743e-03
-3.598785379011815166e-03
-3.589534587177922731e-03
-3.580473715402376911e-03
-3.571601207113417331e-03
-3.562915534416788432e-03
-3.554415198436799983e-03
-3.546098728975266567e-03
-3.537964683374639208e-03
-3.530011645835884337e-03
-3.522238228100604829e-03
-3.514643067319411784e-03
-3.507224826563515307e-03
-3.499982194085760057e-03
-3.492913883007986442e-03
-3.486018630496801052e-03
-3.479295197536202977e-03
-3.472742368387571332e-03
-3.466358950674930384e-03
-3.460143774077550916e-03
-3.454095690329950230e-03
-3.448213572909253344e-03
-3.442496317148879825e-03
-3.436942838249024135e-03
-3.431552072669319386e-03
-3.426322976935125553e-03
-3.421254526926986728e-03
-3.416345718790125829e-03
-3.411595567115455196e-03
-3.407003105394323939e-03
-3.402567385762722552e-03
-3.398287478091788216e-03
-3.394162470783612662e-03
-3.390191468923831053e-03
-3.386373595589020624e-03
-3.382707989999289566e-03
-3.379193808768832241e-03
-3.375830224001674651e-03
-3.372616425195928969e-03
-3.369551616316357467e-03
-3.366635017869157309e-03
-3.363865864940862593e-03
-3.361243408136260769e-03
-3.358766912612054512e-03
-3.356435658702139335e-03
-3.354248940411252988e-03
-3.352206065983409644e-03
-3.350306358015586738e-03
-3.348549152178748045e-03
-3.346933797928386412e-03
-3.345459658049776408e-03
-3.344126108231648686e-03
-3.342932537094611689e-03
-3.341878345992199684e-03
-3.340962948499281993e-03
-3.340185770696280088e-03
-3.339546250799685367e-03
-3.339043838849420354e-03
-3.338677996623573563e-03
-3.338448197524712668e-03
-3.338353926153558859e-03
-3.338394678848999320e-03
-3.338569962608062269e-03
-3.338879295398555769e-03
-3.339322206159067719e-03
-3.339898234287375089e-03
-3.340606929725709051e-03
-3.341447852733381296e-03
-3.342420573630988656e-03
-3.343524672942521647e-03
-3.344759741253255925e-03
-3.346125378470787837e-03
-3.347621194563998870e-03
-3.349246808909356332e-03
-3.351001850234069934e-03
-3.352885956559248370e-03
-3.354898774915682225e-03
-3.357039961741747902e-03
-3.359309182314973441e-03
-3.361706110098339195e-03
-3.364230428019254759e-03
-3.366881827304268882e-03
-3.369660007848551686e-03
-3.372564677562195357e-03
-3.375595552853383197e-03
-3.378752358429437663e-03
-3.382034826870494726e-03
-3.385442698771612413e-03
-3.388975722799614232e-03
-3.392633655181498398e-03
-3.396416260329715442e-03
-3.400323309534769578e-03
-3.404354582244195626e-03
-3.408509865153064311e-03
-3.412788952402934228e-03
-3.417191645127104493e-03
-3.421717752047470640e-03
-3.426367089105042396e-03
-3.431139478720979241e-03
-3.436034750876615362e-03
-3.441052742260808373e-03
-3.446193296298361020e-03
-3.451456263348973152e-03
-3.456841500479868046e-03
-3.462348871323683852e-03
-3.467978246050051894e-03
-3.473729501536126918e-03
-3.479602520769731200e-03
-3.485597193360945312e-03
-3.491713415257891029e-03
-3.497951088576201073e-03
-3.504310121655862531e-03
-3.510790428919108308e-03
-3.517391931154634221e-03
-3.524114554949164813e-03
-3.530958232744296765e-03
-3.537922903404933095e-03
-3.545008511110836480e-03
-3.552215006237702255e-03
-3.559542344873989350e-03
-3.566990488877763710e-03
-3.574559405620902908e-03
-3.582249068358578370e-03
-3.590059455632399477e-03
-3.597990552009378007e-03
-3.606042347144011728e-03
-3.614214836431983713e-03
-3.622508020356463021e-03
-3.630921905255490856e-03
-3.639456502639859536e-03
-3.648111829022582242e-03
-3.656887906714700875e-03
-3.665784762830526233e-03
-3.674802429941337323e-03
-3.683940945791164268e-03
-3.693200353097836341e-03
-3.702580699808777354e-03
-3.712082039015740520e-03
-3.721704428471639403e-03
-3.731447931471620905e-03
-3.741312615744618597e-03
-3.751298554476534264e-03
-3.761405825542851744e-03
-3.771634511622323771e-03
-3.781984700481189066e-03
-3.792456484319473020e-03
-3.803049960680482400e-03
-3.813765231598154060e-03
-3.824602403710741783e-03
-3.835561588772407049e-03
-3.846642903113206557e-03
-3.857846467468561968e-03
-3.869172407803489477e-03
-3.880620854090466310e-03
-3.892191941474720807e-03
-3.903885809364737725e-03
-3.915702601943849004e-03
-3.927642467857594966e-03
-3.939705560412676277e-03
-3.951892037349580278e-03
-3.964202060899424396e-03
-3.976635797869221278e-03
-3.989193419471348534e-03
-4.001875101494078990e-03
-4.014681024131050435e-03
-4.027611371867578782e-03
-4.040666333935405419e-03
-4.053846103573732762e-03
-4.067150878711345285e-03
-4.080580861625549005e-03
-4.094136258714797805e-03
-4.107817281095549333e-03
-4.121624143976987398e-03
-4.135557066945239058e-03
-4.149616273878109496e-03
-4.163801993314564243e-03
-4.178114457488391054e-03
-4.192553903436646578e-03
-4.207120572175426787e-03
-4.221814709325144577e-03
-4.236636564456830456e-03
-4.251586391461614767e-03
-4.266664448465462556e-03
-4.281870998227077507e-03
-4.297206307313672369e-03
-4.312670646555716303e-03
-4.328264291302730271e-03
-4.343987520798009427e-03
-4.359840618747057306e-03
-4.375823873004947018e-03
-4.391937575547899542e-03
-4.408182022757500818e-03
-4.424557515022797816e-03
-4.441064357166624177e-03
-4.457702857962431153e-03
-4.474473330446926411e-03
-4.491376092062182579e-03
-4.508411464200889895e-03
-4.525579772518995014e-03
-4.542881347020966132e-03
-4.560316521803997603e-03
-4.577885635058009939e-03
-4.595589029293023486e-03
-4.613427051225471587e-03
-4.631400051806622287e-03
-4.649508385909939534e-03
-4.667752412956360786e-03
-4.686132496630079913e-03
-4.704649004366956433e-03
-4.723302308349275336e-03
-4.742092784482565548e-03
-4.761020813305094634e-03
-4.780086779362591187e-03
-4.799291071492461924e-03
-4.818634082511152883e-03
-4.838116210009957285e-03
-4.857737855473942545e-03
-4.877499424651432491e-03
-4.897401327610850785e-03
-4.917443978513347247e-03
-4.937627796067545205e-03
-4.957953203074794146e-03
-4.978420626514434844e-03
-4.999030498083811835e-03
-5.019783253288778724e-03
-5.040679332267927748e-03
-5.061719179195733886e-03
-5.082903243021519302e-03
-5.104231976332584964e-03
-5.125705836576344154e-03
-5.147325285548731699e-03
-5.169090789223673710e-03
-5.191002818008882969e-03
-5.213061846689015510e-03
-5.235268354340405494e-03
-5.257622824672125716e-03
-5.280125745485975131e-03
-5.302777609159647909e-03
-5.325578913016215665e-03
-5.348530157789355144e-03
-5.371631849527602753e-03
-5.394884498372221060e-03
-5.418288618955102720e-03
-5.441844730711409284e-03
-5.465553357026919912e-03
-5.489415026517008300e-03
-5.513430271832930885e-03
-5.537599630343947865e-03
-5.561923643881527823e-03
-5.586402859023564815e-03
-5.611037826867004696e-03
-5.635829103169953669e-03
-5.660777248152726315e-03
-5.685882827037858078e-03
-5.711146409424827652e-03
-5.736568569574274079e-03
-5.762149886606948712e-03
-5.787890944276341543e-03
-5.813792331110789746e-03
-5.839854640157682297e-03
-5.866078469779267834e-03
-5.892464422572629701e-03
-5.919013106250758938e-03
-5.945725133074120095e-03
-5.972601120589615675e-03
-5.999641690806356564e-03
-6.026847470479879121e-03
-6.054219092021639881e-03
-6.081757192077930085e-03
-6.109462412553057220e-03
-6.137335400012489117e-03
-6.165376806393396691e-03
-6.193587288379376332e-03
-6.221967507599401870e-03
-6.250518131196258764e-03
-6.279239831144423079e-03
-6.308133284164796351e-03
-6.337199172577356876e-03
-6.366438183590616973e-03
-6.395851009671105203e-03
-6.425438348287570989e-03
-6.455200902763635895e-03
-6.485139380856708158e-03
-6.515254496036959608e-03
-6.545546966890469776e-03
-6.576017517375021271e-03
-6.606666876677991240e-03
-6.637495779727942136e-03
-6.668504966540922396e-03
-6.699695182447840125e-03
-6.731067178435523601e-03
-6.762621711033034444e-03
-6.794359541771655131e-03
-6.826281438492287634e-03
-6.858388174009633076e-03
-6.890680526964843011e-03
-6.923159281370772078e-03
-6.955825227095147056e-03
-6.988679159803723451e-03
-7.021721880192899334e-03
-7.054954195751861334e-03
-7.088376918972016938e-03
-7.121990868313332612e-03
-7.155796867948538420e-03
-7.189795748104188533e-03
-7.223988344577492171e-03
-7.258375499787916851e-03
-7.292958061327681207e-03
-7.327736882984936528e-03
-7.362712824857453597e-03
-7.397886752755766793e-03
-7.433259538373704345e-03
-7.468832060311569876e-03
-7.504605202683478637e-03
-7.540579855856321956e-03
-7.576756916620297488e-03
-7.613137287620475036e-03
-7.649721878124182695e-03
-7.686511603765211476e-03
-7.723507386344863335e-03
-7.760710154286698526e-03
-7.798120841982836282e-03
-7.835740390817136358e-03
-7.873569748113595779e-03
-7.911609868642699439e-03
-7.949861712859274121e-03
-7.988326248124621998e-03
-8.027004448649677215e-03
-8.065897295153945379e-03
-8.105005774808660135e-03
-8.144330882515760095e-03
-8.183873618946790884e-03
-8.223634992106099162e-03
-8.263616016961350397e-03
-8.303817715159311774e-03
-8.344241115224804162e-03
-8.384887253555461939e-03
-8.425757172744852141e-03
-8.466851922605656000e-03
-8.508172560425464326e-03
-8.549720150398343321e-03
-8.591495763937473384e-03
-8.633500480272005007e-03
-8.675735385423877233e-03
-8.718201572861516979e-03
-8.760900143556682451e-03
-8.803832206041306563e-03
-8.846998875839062748e-03
-8.890401277000137270e-03
-8.934040540509613493e-03
-8.977917804969592908e-03
-9.022034216940255646e-03
-9.066390930286161165e-03
-9.110989107654177133e-03
-9.155829918569224901e-03
-9.200914540798521557e-03
-9.246244160067362827e-03
-9.291819970115966498e-03
-9.337643172415255322e-03
-9.383714977360568810e-03
-9.430036602623204089e-03
-9.476609274599923083e-03
-9.523434227702409771e-03
-9.570512704357270195e-03
-9.617845956370274507e-03
-9.665435243050524150e-03
-9.713281832432585361e-03
-9.761387001049115497e-03
-9.809752033902441326e-03
-9.858378225345632018e-03
-9.907266877490883417e-03
-9.956419301772712060e-03
-1.000583681820899074e-02
-1.005552075577043070e-02
-1.010547245198267774e-02
-1.015569325440424109e-02
-1.020618451852328690e-02
-1.025694760943451911e-02
-1.030798390144127552e-02
-1.035929477757235873e-02
-1.041088163114523013e-02
-1.046274586389017713e-02
-1.051488888731455518e-02
-1.056731212239014894e-02
-1.062001699929737697e-02
-1.067300495881795541e-02
-1.072627745043064351e-02
-1.077983593356179881e-02
-1.083368187758537715e-02
-1.088781676139660703e-02
-1.094224207457727971e-02
-1.099695931603150711e-02
-1.105196999503732513e-02
-1.110727563084878966e-02
-1.116287775298019369e-02
-1.121877790089342852e-02
-1.127497762553275606e-02
-1.133147848685212011e-02
-1.138828205623099166e-02
-1.144538991511012682e-02
-1.150280365550315764e-02
-1.156052488087766505e-02
-1.161855520484778026e-02
-1.167689625185630575e-02
-1.173554965754419754e-02
-1.179451706792633559e-02
-1.185380014143788685e-02
-1.191340054651846003e-02
-1.197331996306161273e-02
-1.203356008247169484e-02
-1.209412260698172759e-02
-1.215500925167134483e-02
-1.221622174168146557e-02
-1.227776181448803072e-02
-1.233963121924830375e-02
-1.240183171634612336e-02
-1.246436507932457971e-02
-1.252723309241332572e-02
-1.259043755240440987e-02
-1.265398026831121570e-02
-1.271786306074318418e-02
-1.278208776381006828e-02
-1.284665622301872645e-02
-1.291157029646683441e-02
-1.297683185526921079e-02
-1.304244278222199682e-02
-1.310840497453114040e-02
-1.317472034065758635e-02
-1.324139080270470004e-02
-1.330841829573614632e-02
-1.337580476726429879e-02
-1.344355217960924165e-02
-1.351166250668711655e-02
-1.358013773671018498e-02
-1.364897987116364675e-02
-1.371819092466353140e-02
-1.378777292663357912e-02
-1.385772791934414272e-02
-1.392805795902063437e-02
-1.399876511595721240e-02
-1.406985147505679379e-02
-1.414131913469418578e-02
-1.421317020773926743e-02
-1.428540682155698960e-02
-1.435803111769473617e-02
-1.443104525290550555e-02
-1.450445139809630746e-02
-1.457825173923765760e-02
-1.465244847699409547e-02
-1.472704382678102775e-02
-1.480204002038476574e-02
-1.487743930354668009e-02
-1.495324393778219019e-02
-1.502945620015339045e-02
-1.510607838289956817e-02
-1.518311279477302378e-02
-1.526056175964640715e-02
-1.533842761753589912e-02
-1.541671272391909042e-02
-1.549541945178134483e-02
-1.557455018908626698e-02
-1.565410734073680032e-02
-1.573409332817732320e-02
-1.581451058868310611e-02
-1.589536157797510896e-02
-1.597664876703674963e-02
-1.605837464470027953e-02
-1.614054171639622837e-02
-1.622315250492079031e-02
-1.630620955117478843e-02
-1.638971541274258925e-02
-1.647367266511423622e-02
-1.655808390097490701e-02
-1.664295173239338510e-02
-1.672827878817884084e-02
-1.681406771544402545e-02
-1.690032118000317496e-02
-1.698704186549093720e-02
-1.707423247526662635e-02
-1.716189573025417303e-02
-1.725003437073269197e-02
-1.733865115545540903e-02
-1.742774886349707231e-02
-1.751733029192337199e-02
-1.760739825789414681e-02
-1.769795559792441964e-02
-1.778900516785597574e-02
-1.788054984456266538e-02
-1.797259252370508875e-02
-1.806513612166327221e-02
-1.815818357445664333e-02
-1.825173784010303280e-02
-1.834580189563439490e-02
-1.844037873965476138e-02
-1.853547139128863819e-02
-1.863108289049364430e-02
-1.872721629987950109e-02
-1.882387470186586143e-02
-1.892106120115499834e-02
-1.901877892353809330e-02
-1.911703101802686433e-02
-1.921582065446614251e-02
-1.931515102512548765e-02
-1.941502534461392315e-02
-1.951544685084627417e-02
-1.961641880373576896e-02
-1.971794448607511185e-02
-1.982002720407649576e-02
-1.992267028631999892e-02
-2.002587708645364728e-02
-2.012965098040808698e-02
-2.023399536813030863e-02
-2.033891367310047826e-02
-2.044440934443514379e-02
-2.055048585418717266e-02
-2.065714669919316293e-02
-2.076439540064711764e-02
-2.087223550600469935e-02
-2.098067058636843285e-02
-2.108970423861933341e-02
-2.119934008493373767e-02
-2.130958177289699051e-02
-2.142043297706663907e-02
-2.153189739684080450e-02
-2.164397875827717144e-02
-2.175668081326875836e-02
-2.187000734201660634e-02
-2.198396214987496933e-02
-2.209854906999453306e-02
-2.221377196187290792e-02
-2.232963471442417358e-02
-2.244614124231247843e-02
-2.256329548907842764e-02
-2.268110142543378061e-02
-2.279956305204677847e-02
-2.291868439661470802e-02
-2.303846951622290362e-02
-2.315892249609419196e-02
-2.328004745257317154e-02
-2.340184852951665562e-02
-2.352432990119268652e-02
-2.364749577176894491e-02
-2.377135037474431556e-02
-2.389589797570579321e-02
-2.402114286920209452e-02
-2.414708938115950332e-02
-2.427374186794395428e-02
-2.440110471874845643e-02
-2.452918235286460913e-02
-2.465797922161527822e-02
-2.478749980821248755e-02
-2.491774862929219125e-02
-2.504873023266895871e-02
-2.518044919938233761e-02
-2.531291014295788955e-02
-2.544611771168092673e-02
-2.558007658595329303e-02
-2.571479148036814877e-02
-2.585026714299942796e-02
-2.598650835801663561e-02
-2.612351994241635111e-02
-2.626130674852333868e-02
-2.639987366350737830e-02
-2.653922561114541168e-02
-2.667936754951938383e-02
-2.682030447331840151e-02
-2.696204141255975628e-02
-2.710458343557320404e-02
-2.724793564584615524e-02
-2.739210318455320703e-02
-2.753709122944769661e-02
-2.768290499781755898e-02
-2.782954974318840868e-02
-2.797703075771096337e-02
-2.812535337164945304e-02
-2.827452295576904362e-02
-2.842454491823787066e-02
-2.857542470735552342e-02
-2.872716781044459822e-02
-2.887977975677813447e-02
-2.903326611394163592e-02
-2.918763249107314550e-02
-2.934288453778322037e-02
-2.949902794634340353e-02
-2.965606844952617394e-02
-2.981401182213971879e-02
-2.997286388082898156e-02
-3.013263048671888100e-02
-3.029331754203212768e-02
-3.045493099304508178e-02
-3.061747682892246303e-02
-3.078096108447425650e-02
-3.094538983717143310e-02
-3.111076920976074689e-02
-3.127710536946892717e-02
-3.144440453033325866e-02
-3.161267295075731454e-02
-3.178191693544363261e-02
-3.195214283505265485e-02
-3.212335704895963318e-02
-3.229556602170191582e-02
-3.246877624604849188e-02
-3.264299426206207499e-02
-3.281822665977074394e-02
-3.299448007615524148e-02
-3.317176119784903676e-02
-3.335007676014356548e-02
-3.352943354994408764e-02
-3.370983840270014298e-02
-3.389129820490666134e-02
-3.407381989350710683e-02
-3.425741045836616649e-02
-3.444207693965495309e-02
-3.462782643006789840e-02
-3.481466607459537954e-02
-3.500260307242797353e-02
-3.519164467488167247e-02
-3.538179818747266836e-02
-3.557307096957629255e-02
-3.576547043667233083e-02
-3.595900405770180441e-02
-3.615367935782387576e-02
-3.634950391733582364e-02
-3.654648537488469628e-02
-3.674463142405670624e-02
-3.694394981624782304e-02
-3.714444836037955611e-02
-3.734613492440530536e-02
-3.754901743411664938e-02
-3.775310387453600924e-02
-3.795840228940505767e-02
-3.816492078468058935e-02
-3.837266752461232500e-02
-3.858165073512509480e-02
-3.879187870373357327e-02
-3.900335977880331484e-02
-3.921610237324557602e-02
-3.943011496082249323e-02
-3.964540607935873595e-02
-3.986198432974674688e-02
-4.007985837915839511e-02
-4.029903695749226245e-02
-4.051952886092635708e-02
-4.074134295069598011e-02
-4.096448815610642669e-02
-4.118897347160555000e-02
-4.141480795956908878e-02
-4.164200074973223309e-02
-4.187056104183284333e-02
-4.210049810305349638e-02
-4.233182127032364406e-02
-4.256453995023434800e-02
-4.279866362153939008e-02
-4.303420183236994490e-02
-4.327116420319043755e-02
-4.350956042642906141e-02
-4.374940026681883865e-02
-4.399069356412610432e-02
-4.423345023027991374e-02
-4.447768025212894827e-02
-4.472339369104361140e-02
-4.497060068544556088e-02
-4.521931144864765884e-02
-4.546953627087191308e-02
-4.572128551993159817e-02
-4.597456964083335151e-02
-4.622939915876145278e-02
-4.648578467651987012e-02
-4.674373687706179226e-02
-4.700326652357489365e-02
-4.726438445987923842e-02
-4.752710161270101707e-02
-4.779142898965460518e-02
-4.805737768131734811e-02
-4.832495886196852553e-02
-4.859418378930513427e-02
-4.886506380714195075e-02
-4.913761034342201128e-02
-4.941183491223455349e-02
-4.968774911458240240e-02
-4.996536463804090999e-02
-5.024469325974223466e-02
-5.052574684367527880e-02
-5.080853734392576371e-02
-5.109307680453412104e-02
-5.137937735966602304e-02
-5.166745123497662462e-02
-5.195731074894638368e-02
-5.224896831140313225e-02
-5.254243642639266909e-02
-5.283772769155348215e-02
-5.313485479945256884e-02
-5.343383053812544858e-02
-5.373466779130353643e-02
-5.403737954082998840e-02
-5.434197886486913376e-02
-5.464847894037916376e-02
-5.495689304328266189e-02
-5.526723454923399004e-02
-5.557951693452878317e-02
-5.589375377641658815e-02
-5.620995875474932291e-02
-5.652814565127073365e-02
-5.684832835177644483e-02
-5.717052084611395912e-02
-5.749473722889320015e-02
-5.782099170099286312e-02
-5.814929856936146280e-02
-5.847967224838157563e-02
-5.881212726046669559e-02
-5.914667823702757232e-02
-5.948333991881327165e-02
-5.982212715713330908e-02
-6.016305491476714451e-02
-6.050613826610629076e-02
-6.085139239823433854e-02
-6.119883261263225904e-02
-6.154847432421206577e-02
-6.190033306373265987e-02
-6.225442447762929987e-02
-6.261076432983259110e-02
-6.296936850085899096e-02
-6.333025299107930550e-02
-6.369343391921233888e-02
-6.405892752397335244e-02
-6.442675016643306662e-02
-6.479691832780076766e-02
-6.516944861374440734e-02
-6.554435775166211897e-02
-6.592166259508758230e-02
-6.630138012170050388e-02
-6.668352743506034130e-02
-6.706812176722110053e-02
-6.745518047605969514e-02
-6.784472105053396263e-02
-6.823676110641940795e-02
-6.863131839287461844e-02
-6.902841078817800735e-02
-6.942805630313841903e-02
-6.983027308334044392e-02
-7.023507940604645228e-02
-7.064249368571040577e-02
-7.105253447014092671e-02
-7.146522044652670047e-02
-7.188057043748585784e-02
-7.229860340413551967e-02
-7.271933844933187174e-02
-7.314279481283847417e-02
-7.356899187922749661e-02
-7.399794917165536390e-02
-7.442968635950819589e-02
-7.486422325405328593e-02
-7.530157981088336783e-02
-7.574177613440724599e-02
-7.618483247185281471e-02
-7.663076922199252294e-02
-7.707960692920323709e-02
-7.753136628727474999e-02
-7.798606814364461570e-02
-7.844373349257693917e-02
-7.890438348505313115e-02
-7.936803942200754136e-02
