-6.619968663744657533e-02
-6.117547808511858420e-02
-5.611127085069256282e-02
-5.100630037085807089e-02
-4.585978262466028355e-02
-4.067091350884766143e-02
-3.543886818829378171e-02
-3.016280041862273720e-02
-2.484184184697824094e-02
-1.947510127922669199e-02
-1.406166392439445190e-02
-8.600590602441116062e-03
-6.949581209539701376e-03
-6.364334603944143964e-03
-5.870483328578757209e-03
-5.450566021011127305e-03
-5.091520339135513495e-03
-4.783390976569990016e-03
-4.518468451607304814e-03
-4.290699971136291424e-03
-4.095277150099718710e-03
-3.928341642591703931e-03
-3.786771177630043894e-03
-3.668021532035936616e-03
-3.570008141338121277e-03
-3.491016249341782895e-03
-3.429631932050369869e-03
-3.384688586123729692e-03
-3.355225030077235715e-03
-3.340452424140494259e-03
-3.339727959883020958e-03
-3.352533807884583439e-03
-3.378460179391140628e-03
-3.417191645098682784e-03
-3.468496052846603561e-03
-3.532215538768923579e-03
-3.608259238205846486e-03
-3.696597392661260528e-03
-3.797256609004762140e-03
-3.910316084642317946e-03
-4.035904644752008608e-03
-4.174198474942159010e-03
-4.325419452811729570e-03
-4.489834002441739358e-03
-4.667752412984782495e-03
-4.859528573717852851e-03
-5.065560087160747571e-03
-5.286288734566824132e-03
-5.522201269769766441e-03
-5.773830529591350569e-03
-6.041756846457246866e-03
-6.326609764158774851e-03
-6.629070048973062512e-03
-6.949872005094448468e-03
-7.289806095030826327e-03
-7.649721878124182695e-03
-8.030531277540831070e-03
-8.433212191590655493e-03
-8.858812468645282934e-03
-9.308454265266163929e-03
-9.783338814855824239e-03
-1.028475163093389710e-02
-1.081406818119035051e-02
-1.137276006292609054e-02
-1.196240171950080367e-02
-1.258467774223959168e-02
-1.324139080270470004e-02
-1.393447026785565868e-02
-1.466598155388965097e-02
-1.543813628134671490e-02
-1.625330329989083111e-02
-1.711402065268430306e-02
-1.802300856542160545e-02
-1.898318354406569597e-02
-1.999767367905747051e-02
-2.106983525337113861e-02
-2.220327077159822693e-02
-2.340184852951665562e-02
-2.466972384712562416e-02
-2.601136211330867809e-02
-2.743156378738831336e-02
-2.893549151187357893e-02
-3.052869951756065348e-02
-3.221716548512176814e-02
-3.400732506779036157e-02
-3.590610925428450173e-02
-3.792098479397054689e-02
-4.005999787287350955e-02
-4.233182127032364406e-02
-4.474580518396464868e-02
-4.731203194353383878e-02
-5.004137477962444791e-02
-5.294556083057955220e-02
-5.603723850222763758e-02
-5.933004927803153805e-02
-6.283870398965518689e-02
-6.657906348826259091e-02
-7.056822354769565209e-02
-7.482460368592569466e-02
-7.936803942200754136e-02
