-6.649474342958683337e-02
-6.146746867932506575e-02
-5.640093881342522764e-02
-5.129441838576553891e-02
-4.614715383348766409e-02
-4.095837291669113256e-02
-3.572728413394088420e-02
-3.045307611580483353e-02
-2.513491699860992412e-02
-1.977195377219231887e-02
-1.436331160178383470e-02
-8.908093127644178821e-03
-7.187168813800326461e-03
-6.647579737119713172e-03
-6.205240757424235198e-03
-5.842702679586864178e-03
-5.546962965382817856e-03
-5.308162483004252863e-03
-5.118716952523527652e-03
-4.972722950498109640e-03
-4.865542401631728353e-03
-4.793506078129894377e-03
-4.753698261254157842e-03
-4.743797883918432490e-03
-4.761959702392459803e-03
-4.806724311464449784e-03
-4.876949257379692426e-03
-4.971755805968314235e-03
-5.090487474717519945e-03
-5.232677516119110805e-03
-5.398023286801389986e-03
-5.586365982452434764e-03
-5.797674586830225962e-03
-6.032033177120865730e-03
-6.289630923333788814e-03
-6.570754278669710402e-03
-6.875780970887035437e-03
-7.205175489730208938e-03
-7.559485836878820919e-03
-7.939341351601569841e-03
-8.345451469551790069e-03
-8.778605302097730601e-03
-9.239671948023442383e-03
-9.729601472002968876e-03
-1.024942650033722202e-02
-1.080026439333892085e-02
-1.138331997520936056e-02
-1.199988879920965701e-02
-1.265136094636432063e-02
-1.333922535224019157e-02
-1.406507467245887710e-02
-1.483061069569657775e-02
-1.563765032318542580e-02
-1.648813213637367880e-02
-1.738412358204755037e-02
-1.832782880339323128e-02
-1.932159715889270046e-02
-2.036793246588786133e-02
-2.146950302000050215e-02
-2.262915243812813060e-02
-2.384991138376335584e-02
-2.513501023651087962e-02
-2.648789277213836613e-02
-2.791223092694394836e-02
-2.941194072474218046e-02
-3.099119945196093795e-02
-3.265446417086081965e-02
-3.440649166904563572e-02
-3.625235994840636522e-02
-3.819749136388850275e-02
-4.024767753037394868e-02
-4.240910611483172943e-02
-4.468838965058807844e-02
-4.709259650039143708e-02
-4.962928411117673022e-02
-5.230653470223955992e-02
-5.513299352688250110e-02
-5.811790985913489749e-02
-6.127118084353355698e-02
-6.460339834768547007e-02
-6.812589894690290748e-02
-7.185081715837782212e-02
-7.579114202368941733e-02
-7.996077711089810691e-02
-8.437460398656071447e-02
-8.904854914342763550e-02
-9.399965435017065829e-02
-9.924615029561323354e-02
-1.048075333310123369e-01
-1.107046450330244625e-01
-1.169597541817495312e-01
-1.235966406228783399e-01
-1.306406803352331281e-01
-1.381189308353611978e-01
-1.460602158861661337e-01
-1.544952082140866878e-01
-1.634565087426835817e-01
-1.729787205688353424e-01
-1.830985156254598678e-01
-1.938546917446899442e-01
